A	B1	B23	C1	C3	E	F	G	predicted	Clade	ID
2.095875606185858e-05	4.674126954171334e-07	0.9997081736562867	3.0849594358393603e-07	0.0002700522454894265	6.7746485738393435e-09	8.817574953250743e-12	3.265005680573004e-08	['B23']	RED	11465393
0.963591532677361	6.341599955429008e-08	0.0008483178636872493	7.898945219239948e-05	2.2947053042556036e-06	0.03348741344974112	0.0011604878205533603	0.0008309006151608852	['A']	RED	11465652
0.00016769544667208635	9.55312250083663e-09	0.9997247102594499	7.347198703817002e-07	0.00010064895620470427	4.124289611055333e-07	4.115123235830584e-10	5.7882242071020905e-06	['B23']	DTM	11467432
0.029436980603273485	5.079109673552657e-08	0.9667212277399899	4.9882103712534194e-05	0.00042467425192596207	0.00039006213395013293	1.2685059722296072e-06	0.002975853870079059	['B23']	CRYPTO	11467607
0.0004969452392784202	4.9258603721541086e-08	0.9994425474137378	4.2525193528018426e-07	5.845035587874718e-05	1.2269883405803786e-06	9.896660709632284e-11	3.553932588263746e-07	['B23']	DTM	118410962
0.04353985091837488	1.2229655118876373e-08	0.9540532515343467	2.526200086839611e-05	5.979209840502075e-05	0.0009324413951675362	2.6148315613158656e-07	0.0013891283400261386	['B23']	DTM	118411095
1.387975980284503e-07	1.0566627658257242e-05	0.9999104672844447	4.648539906529831e-09	7.882260389030086e-05	2.1678555236934124e-11	1.470068956262049e-15	1.6188851965786977e-11	['B23']	EUG	12545411
0.3382122696206861	6.753360158132375e-09	0.04304651354108994	4.659820742626048e-06	1.2401591641263115e-07	0.6160527100660687	1.8571760032008295e-06	0.002681859006132862	['E']	CRYPTO	149071965
8.137014695479339e-06	2.844528183999956e-07	0.9141106204448752	7.570455928638607e-07	2.160418420068517e-07	0.006623180588057383	1.2325827953277595e-05	0.0792444785841653	['B23']	DTM	189095288
0.004246292031131289	3.1408942927173305e-06	0.9918250823965726	1.0473461469410689e-06	0.003922553765120681	1.755663707341094e-06	8.635936564561225e-10	1.27039434774193e-07	['B23']	DTM	215400692
0.08704371549401761	5.0053150504828165e-09	0.8928579306023736	1.7657419849087192e-05	1.5201019836032552e-05	0.012061655023339902	1.0543184218581103e-06	0.00800278111684679	['B23']	DTM	242620015
0.05716187518243378	1.0325802469287454e-06	0.9312744207961727	0.00014041045230073942	0.010523009873888694	1.8825519791518533e-05	3.219754102955555e-07	0.0008801036197553722	['B23']	DTM	242624258
0.05273433183618834	8.44616055063978e-10	0.9322530270944066	4.7223765458892235e-06	3.8056919560409946e-06	0.013151114598777967	4.0584937540205177e-07	0.0018525917081336116	['B23']	DTM	269100994
2.02168274745525e-05	1.6834584591559788e-08	0.9997791132030757	7.190855004206892e-07	0.00019566479603859058	1.603303712435976e-08	1.164737807845016e-10	4.253103815073366e-06	['B23']	CRYPTO	283794864
0.10328396734327544	5.5756982634938685e-06	0.8964847475546925	2.1247602339856688e-05	0.0001967218104740302	7.515794237807377e-06	3.479214574029533e-11	2.2416192465459313e-07	['B23']	EUG	30410708
0.01726005480228668	1.9931449299206952e-07	0.9803264932079068	6.559545941332859e-05	0.0007218989338166424	7.622621225979133e-05	1.1463591840369566e-06	0.0015483857106396695	['B23']	RED	30468047
0.25444267318173386	1.7379827560870647e-08	0.5807306526475491	0.0003154087079434231	2.3794385488970344e-05	0.030282848945456138	3.609746908462595e-05	0.13416850728291646	['B23']	DTM	315320467
0.0010059292758796386	2.890493088678745e-07	0.9983909155177422	2.2130400473778046e-06	0.0005890211613806216	3.5143342858185876e-06	5.667367630037119e-09	8.111953987935402e-06	['B23']	DTM	330850815
5.41029254322479e-05	0.0002933896806711139	0.9992689161013053	5.634045838128405e-06	9.781587323026645e-05	0.00022838736189746795	3.7993173947635174e-07	5.1374079886088324e-05	['B23']	LILI	339906432
5.41029254322479e-05	0.0002933896806711139	0.9992689161013053	5.634045838128405e-06	9.781587323026645e-05	0.00022838736189746795	3.7993173947635174e-07	5.1374079886088324e-05	['B23']	LILI	340034006
4.367265760623787e-05	0.0002573783926386626	0.9993336486165766	4.890549072251403e-06	8.36080403030092e-05	0.0002223823177320526	3.711955652020388e-07	5.404823050584762e-05	['B23']	LILI	340034177
5.41029254322479e-05	0.0002933896806711139	0.9992689161013053	5.634045838128405e-06	9.781587323026645e-05	0.00022838736189746795	3.7993173947635174e-07	5.1374079886088324e-05	['B23']	LILI	340034345
0.00025242179868513004	2.208652901161928e-05	0.99962407458608	2.5167759284377603e-06	6.064355642348547e-05	3.661015484442655e-05	4.891886163096069e-09	1.6417071405293862e-06	['B23']	LILI	340034430
5.41029254322479e-05	0.0002933896806711139	0.9992689161013053	5.634045838128405e-06	9.781587323026645e-05	0.00022838736189746795	3.7993173947635174e-07	5.1374079886088324e-05	['B23']	LILI	340034515
0.23931464661600155	1.609538073816858e-05	0.757725739792169	0.0006606996103622186	0.0011756640374422187	0.0002589716376793737	1.2344366468649122e-07	0.000848059481942837	['B23']	LILI	342316100
0.0005961776645751159	1.3460229529545312e-05	0.9992693297535681	4.195735486649385e-06	0.00010043159213131773	1.5281193211998153e-05	1.822768765922954e-09	1.122008728403717e-06	['B23']	MAG	342316184
0.004742330634477438	0.0035654646146964794	0.8708320462369099	0.0009000700018129815	0.001179361862026805	0.03051247938739444	0.0006481880560084526	0.08762005920667341	['B23']	LILI	342316269
0.0012120836481365538	0.0001683390979018065	0.9956534231270362	8.045341198524129e-05	0.00042249731117254176	0.0009238174605577061	3.979368360066329e-06	0.001535406574849918	['B23']	LILI	342316353
6.050484380695619e-05	1.0633924622977758e-05	0.9998771921932349	6.743554476062136e-07	4.869121625751887e-05	2.129970264944463e-06	2.16809097919287e-10	1.7327955619169e-07	['B23']	LILI	345895196
0.0063606679371790995	0.011159644426019133	0.3139811111768965	0.0018406379460905577	0.000944312839277004	0.1423067848868832	0.006702023836569521	0.5167048169510849	['G']	EUDI	346578170
0.004781540402057181	0.006571225620498617	0.9680016316089761	0.0004733833387444782	0.0013415935056852158	0.01222445161597019	9.35285590089607e-05	0.00651264534905924	['B23']	EUDI	346683273
0.05561162982749931	0.005296024344056645	0.9299953684915082	1.7682147275311898e-05	0.009072637327214498	6.63909466857015e-06	3.350020756990216e-10	1.8432775276575165e-08	['B23']	GYMNO	351653779
0.013994121411042061	0.01223513165405493	0.3170448411890435	0.002365704239433499	0.0009626027633875635	0.23097977707950532	0.006520198117839901	0.41589762354569315	['G']	EUDI	351653853
0.001722586206124628	3.3811259451539157e-06	0.9980510867480377	2.7118933472983372e-06	0.00021900179171818312	1.0146979476883346e-06	6.659418485790348e-11	2.1747028539585402e-07	['B23']	GYMNO	352950885
2.153979874963571e-08	4.119204740024811e-07	3.764806698115926e-05	3.1120477093295074e-06	1.3017089955240481e-06	2.724513177696563e-07	4.1893766333320715e-05	0.9999153384983901	['G']	GYMNO	352950958
0.009069628239531745	4.050110691468209e-07	0.9867074974243609	0.00021969076399030337	0.0035464280336748527	8.204310116334368e-08	5.273169343626983e-10	0.00045626795695506955	['B23']	GYMNO	352951041
0.001101159682576136	0.00014863939096321208	0.9982000603326354	3.224797489710933e-06	0.000544982456189202	1.8703719915030847e-06	2.0896980681758153e-10	6.275918510461146e-08	['B23']	GYMNO	353351805
0.006919086019195116	0.01684256735481886	0.16867138313729665	0.0018578015123124562	0.0006872824608840259	0.27345857753640496	0.013669196957507615	0.5178941050215804	['G']	EUDI	359422122
0.004578662961557666	0.05246853793899296	0.7835763876427717	0.0011347081893363447	0.001877537588988565	0.10068201259000577	0.002280986643636495	0.05340116644471039	['B23']	EUDI	364283964
0.005635009184383797	1.5337745376294214e-05	0.991162134662027	0.0001880230251143944	0.0024706855076338193	5.383333000813117e-06	2.9609646057795842e-08	0.0005233969328176686	['B23']	LILI	364532629
0.0035111603406737775	0.008381332899752913	0.9655066404518614	0.0004985551490101947	0.0015700468884343515	0.011849055871550634	0.0001386777475904665	0.00854453065112651	['B23']	EUDI	372290914
0.003314463764362233	0.00036517453781524206	0.9944204856473704	9.77208691905584e-05	0.0006894759155468783	0.0008055448991975901	1.5300415970908913e-06	0.0003056043249198691	['B23']	EUDI	372291012
0.003262922066665755	0.012077607915875085	0.9526190453761233	0.0004577539556886581	0.0012677448150208751	0.02145569308430908	0.00021284860442946863	0.00864638418188779	['B23']	EUDI	372291365
0.003262922066665755	0.012077607915875085	0.9526190453761233	0.0004577539556886581	0.0012677448150208751	0.02145569308430908	0.00021284860442946863	0.00864638418188779	['B23']	EUDI	372291463
0.003262922066665755	0.012077607915875085	0.9526190453761233	0.0004577539556886581	0.0012677448150208751	0.02145569308430908	0.00021284860442946863	0.00864638418188779	['B23']	EUDI	372291753
0.003262922066665755	0.012077607915875085	0.9526190453761233	0.0004577539556886581	0.0012677448150208751	0.02145569308430908	0.00021284860442946863	0.00864638418188779	['B23']	EUDI	372291837
0.008150299503651542	0.00473313758880759	0.9671072605243944	0.0005586128923818245	0.0014341462839699668	0.011710454807010362	6.948846658160976e-05	0.006236599933202531	['B23']	EUDI	372450118
0.00019609056543485698	1.0409232743809836e-05	0.9997062148259247	2.502760636706925e-06	7.194077129116897e-05	1.0469427028543712e-05	2.1410189788980628e-09	2.370275921218307e-06	['B23']	LILI	374249246
5.41029254322479e-05	0.0002933896806711139	0.9992689161013053	5.634045838128405e-06	9.781587323026645e-05	0.00022838736189746795	3.7993173947635174e-07	5.1374079886088324e-05	['B23']	LILI	374249330
0.00022071787708650932	1.1776473892411553e-05	0.9996745588327559	2.7629437551502156e-06	7.600441543846976e-05	1.1704574190492579e-05	2.409505174106456e-09	2.4724733755651363e-06	['B23']	LILI	374249599
0.03677694095541744	0.001180502183812551	0.936693523033963	0.0012095948550965615	0.001617887579167171	0.00977606433732602	4.144131853781442e-05	0.012704045736679529	['B23']	EUDI	374249683
0.01998169693294868	0.002044043091437238	0.9339393298775962	0.0013657328271235003	0.002138364348558211	0.010762181523185753	0.00010985275199137102	0.02965879864715918	['B23']	EUDI	374249765
0.01180142182505849	4.169411677818431e-05	0.9870311836711866	0.0001142592563104599	0.0007369433202983883	0.00013546251752734673	1.0342273116831461e-07	0.00013893187010919012	['B23']	EUDI	374249848
0.03677694095541744	0.001180502183812551	0.936693523033963	0.0012095948550965615	0.001617887579167171	0.00977606433732602	4.144131853781442e-05	0.012704045736679529	['B23']	EUDI	374249929
0.9958873560979979	3.174182600451794e-09	2.2195520396087947e-09	3.647738131746441e-10	1.9957701112154766e-10	0.004112637055309792	8.457499511584014e-10	4.2856589077268605e-11	['A']	CPH	376403573
7.241579464921605e-08	8.308940189931568e-12	0.9999996957496173	1.0665245406338967e-09	1.8019312503355125e-07	4.8477965735473136e-09	3.0927242610109507e-13	4.571852367161637e-08	['B23']	DTM	376403656
9.949072706509629e-05	3.748450802559266e-05	0.9998331177600981	1.2431570909422777e-07	2.9029867305658593e-05	7.52534875429046e-07	2.7122608929011733e-12	2.8420889154447975e-10	['B23']	LILI	377819357
0.00248652136395167	0.002722887319529177	0.9867231291044681	0.00024326680211131656	0.0010153531728279148	0.004159842500490797	2.7792784532777204e-05	0.002621206952088088	['B23']	EUDI	377829855
5.964779677338749e-05	0.00016110290533790194	0.9994471104693559	4.886285357494183e-06	7.902006636068558e-05	0.00020242366644540147	2.5895657846404976e-07	4.554985379093724e-05	['B23']	LILI	378758395
0.006013208646608423	0.020384453991551053	0.8755730513479945	0.0008516169026781571	0.0014003243205526932	0.06588094706339091	0.0007554323418085969	0.02914096538541569	['B23']	EUDI	378758475
0.00399007647670161	6.457995534050631e-07	0.9949851115295759	4.9839838094826056e-06	0.0009963172465410493	1.1646692113249152e-05	1.4279268912374023e-08	1.1203992436433267e-05	['B23']	DTM	378824466
1.3348226843821087e-06	0.00035961705604710734	0.9994042426077342	6.988613567471474e-07	0.0002332769598530738	5.327078235561949e-07	3.5028868037789055e-09	2.934816140814653e-07	['B23']	GYMNO	380448679
1.770565084605903e-07	1.6914547964906152e-06	0.999795869178752	1.3768847798570492e-09	0.00020226093190911008	6.922566804702299e-13	4.358854744831049e-17	4.568643571958773e-13	['B23']	CPH	383930345
0.0004978692259072594	0.0049825980826255145	0.022007145111534152	0.0004490287658793573	0.0001076823400774051	0.08800163062103315	0.01855068689235169	0.8654033589605915	['G']	EUDI	383930428
2.9981636703071812e-06	1.0214093437901185e-06	0.9999842835954678	4.672492109686643e-08	1.1159416618715109e-05	4.840485074520517e-07	3.6170487317861275e-11	6.605300325115946e-09	['B23']	FRN	383930550
0.0003371334696692911	3.3111147615765215e-05	0.9994292989500607	7.371437149799753e-06	9.64295820769633e-05	7.832361614569369e-05	3.422760725510143e-08	1.829756967453338e-05	['B23']	LILI	383931169
0.006873083788382594	1.9758830976818564e-05	0.9925544706477304	3.4465011990840086e-05	0.0004877864457385094	1.9887320795519385e-05	4.882332139011533e-09	1.0543072053231324e-05	['B23']	LILI	385153449
6.511252387289027e-05	0.0001941951901650084	0.9994061921083065	4.98845082108998e-06	8.240586532625814e-05	0.00020947807630003625	2.4146023591327585e-07	3.738632497234251e-05	['B23']	LILI	386799151
0.0035111603406737775	0.008381332899752913	0.9655066404518614	0.0004985551490101947	0.0015700468884343515	0.011849055871550634	0.0001386777475904665	0.00854453065112651	['B23']	EUDI	386800818
0.03361875941868065	0.00030319911810563295	0.9631388066594724	0.00028358428386282797	0.0009012985047091324	0.001340757791451437	8.798057858181262e-07	0.0004127144179320917	['B23']	EUDI	389604315
0.00862474316976834	0.0015569018038243552	0.979821235739672	0.00042647555413955125	0.001399544098993935	0.0043993189219092	2.051987168981891e-05	0.003751260840003022	['B23']	EUDI	393396080
0.0035663560483590174	0.011433493269131845	0.9537640587947709	0.0004945254914254257	0.001345256357334901	0.019862515389452332	0.000202812462752924	0.009330982186772611	['B23']	EUDI	394830607
0.0044520702520248765	9.381727779373683e-05	0.9947099959695895	4.6459310946928135e-05	0.0004826177665791285	0.0001762900681480662	9.204254050847741e-08	3.865731237704025e-05	['B23']	EUDI	394830694
0.0035663560483590304	0.011433493269131864	0.9537640587947709	0.000494525491425427	0.0013452563573348997	0.019862515389452454	0.00020281246275292509	0.009330982186772637	['B23']	EUDI	394830780
0.004452070252024869	9.381727779373716e-05	0.9947099959695895	4.6459310946928305e-05	0.0004826177665791276	0.00017629006814806652	9.204254050847774e-08	3.865731237704053e-05	['B23']	EUDI	394830869
0.01094995589236096	0.0007844415549573786	0.9830690954700851	0.00029860655719555573	0.0011211267352370534	0.0023795597146031742	5.496117242281257e-06	0.0013917179583185456	['B23']	EUDI	394830956
0.007100429438235463	0.0011382105002703646	0.9835996070171608	0.00041165129766036757	0.0015200821035667024	0.0025015488840349482	1.4340902260643558e-05	0.003714129856810631	['B23']	EUDI	394831081
0.011876575650642995	1.8158616435151264e-05	0.9875046306741119	4.63818702055256e-05	0.0005120841606238446	2.7411196366162797e-05	5.718113878355977e-09	1.4752113500559329e-05	['B23']	LILI	395001654
0.0005961776645751159	1.3460229529545312e-05	0.9992693297535681	4.195735486649385e-06	0.00010043159213131773	1.5281193211998153e-05	1.822768765922954e-09	1.122008728403717e-06	['B23']	MAG	400256567
1.5091024743672938e-08	5.992226681593358e-10	0.9999994935623822	9.96647240014225e-11	4.903723369441945e-07	2.6488727463899146e-10	2.8268845453863658e-15	1.0478646013992493e-11	['B23']	DTM	403066520
0.0031271464052117833	6.21060141200954e-05	0.9954307223691936	1.8493621309681706e-05	8.093986261511441e-05	0.001254519606299916	1.524128398964377e-07	2.5919708409915815e-05	['B23']	LILI	404474390
0.0071157495867974485	0.0058232363094189304	0.9603359472943424	0.0006208735705830532	0.001417001671278701	0.015210784615059416	0.0001163238491217632	0.009360083103398247	['B23']	EUDI	404474503
0.00013842070098245223	0.00301184838453638	0.008453715512259359	0.00019960876420659903	3.5080948555112776e-05	0.07469866117766547	0.023121575506878406	0.8903410890049163	['G']	EUDI	404474590
0.00577597292634627	4.2547783478497775e-05	0.56560244278601	0.0006779838523664817	0.0002930434003240264	0.007170089768069149	0.00011379566016867236	0.42032412382323686	['B23']	EUDI	408830224
0.007845436085485817	3.17847451779757e-05	0.6384385360136163	0.0006775055047323321	0.00027863065231044875	0.00742231293434492	8.16232537586726e-05	0.34522417081057355	['B23']	EUDI	408830302
0.0001026646473509577	1.4268968866649753e-07	0.9993608590109582	1.1744038594801987e-05	0.0003459110412298491	7.073860260814048e-07	1.3290879132349815e-08	0.00017795789527244626	['B23']	CPH	409052464
0.00032271042588736344	0.00016724180227116242	0.9975374842627929	2.062182768364993e-05	0.00010512313352447368	0.0012680343144989773	2.057712193239542e-06	0.0005767265211484053	['B23']	LILI	426406618
0.00023375644499987305	0.0002872793853698454	0.9966207142244838	2.544078426844228e-05	0.00013291138319606127	0.0015466473907224411	4.6565524226504375e-06	0.0011485938345368878	['B23']	LILI	427436954
0.00023375644499987305	0.0002872793853698454	0.9966207142244838	2.544078426844228e-05	0.00013291138319606127	0.0015466473907224411	4.6565524226504375e-06	0.0011485938345368878	['B23']	LILI	427437051
0.00023375644499987305	0.0002872793853698454	0.9966207142244838	2.544078426844228e-05	0.00013291138319606127	0.0015466473907224411	4.6565524226504375e-06	0.0011485938345368878	['B23']	LILI	427437197
0.011546634043329855	0.005309593425072887	0.7725732168479875	0.0017416269717646273	0.0015148217739530028	0.05549892402357438	0.0011404012302443736	0.15067478168407333	['B23']	EUDI	428697178
0.011546634043329855	0.005309593425072887	0.7725732168479875	0.0017416269717646273	0.0015148217739530028	0.05549892402357438	0.0011404012302443736	0.15067478168407333	['B23']	EUDI	428697264
7.657481549403343e-06	0.002988131629526219	0.8900245623570232	7.972363764801418e-05	0.0006811660099015919	0.0007841477501072299	0.0005212946471989248	0.10491331648704538	['B23']	EUDI	428697583
0.00043367567534417025	0.003525096840663664	0.9579603551147932	0.0004372767957237933	0.002413646785845298	0.0013542534799511048	0.0001470608500880668	0.03372863445759071	['B23']	WRTMSS	428697659
0.005317105755700848	8.16896043149516e-08	0.994545302110452	5.797097842992435e-06	0.00013099581355825802	4.6926774723914586e-08	1.7775894530962063e-12	6.70604289279372e-07	['B23']	EUG	429330004
0.00032697603900213565	1.2019683761480276e-08	0.999647341446897	8.495580350638708e-08	2.308390966248878e-05	2.435194720495421e-06	4.678542830364123e-11	6.638744524691787e-08	['B23']	DTM	435856116
0.0074597844655673335	0.003191762557778804	0.977101442617333	0.00024652308144911764	0.0007992836682409	0.009842118261304364	1.8497703337702277e-05	0.001340587644988803	['B23']	EUDI	435856351
0.7848522403711121	4.876111635210641e-07	0.2119358781756987	0.0007240492423349662	0.0004542893285852248	4.284042496519167e-05	1.3647115052265814e-08	0.0019902011990252386	['A']	EUG	440801917
9.982821736611878e-05	0.0005906791042395858	0.0004942610623913551	0.00019401092292028508	2.2810956598199833e-05	0.005206716535968304	0.00878356510168056	0.9846081280988357	['G']	EUDI	441403271
0.003639530855433619	0.02960078090663976	0.8484920018530442	0.0009885231126182802	0.0017718284109554823	0.05621437316128479	0.0013978056022897446	0.0578951560977341	['B23']	EUDI	442742942
4.299502810308572e-05	7.1383803274009376e-06	0.9998555162619672	1.9968280425653928e-06	7.728336016884924e-05	1.0761787944283163e-05	8.846898051885162e-09	4.299506548624303e-06	['B23']	FRN	443267200
0.014384684628169135	0.0035875890213236954	0.857747139086351	0.0008091311661736699	0.0007662928806368216	0.0899856135623141	0.0004737493728181191	0.0322458002822134	['B23']	EUDI	443267285
0.00011161537209312158	1.127410178323371e-06	0.9981440267052669	2.1988901763221434e-05	0.0016286181676994826	9.302662686357006e-08	2.772454372178762e-09	9.252764391762665e-05	['B23']	FRN	443329611
2.714005106939024e-05	3.2690340513277547e-06	0.9995859710712611	3.7090433797541476e-06	0.00037136140958951894	2.9181129212147357e-07	1.7213769489317384e-09	8.255857979897249e-06	['B23']	WRTMSS	452118847
0.0005882133246810079	2.1564176915260533e-05	0.9992914606256468	1.8797108533733766e-06	8.998817049816883e-05	6.825593900893103e-06	2.489980312169934e-10	6.814850657865482e-08	['B23']	MAG	452848666
0.0005961776645751159	1.3460229529545312e-05	0.9992693297535681	4.195735486649385e-06	0.00010043159213131773	1.5281193211998153e-05	1.822768765922954e-09	1.122008728403717e-06	['B23']	MAG	452848749
0.0005961776645751159	1.3460229529545312e-05	0.9992693297535681	4.195735486649385e-06	0.00010043159213131773	1.5281193211998153e-05	1.822768765922954e-09	1.122008728403717e-06	['B23']	MAG	452848834
1.775868155878748e-06	0.3373890557079882	0.46791506008541833	0.0001580995501151771	0.0023181785742369078	0.0021218616500496435	0.016269631331157386	0.17382633723287844	['B23']	GYMNO	452848919
0.005114173828516164	0.0007744514910840151	0.00697709120121429	0.001261920533118536	0.00016766341677981178	0.01854058761488309	0.0030557740517359404	0.9641083378626681	['G']	EUDI	452849029
0.0004232017656685157	1.9049467860548206e-08	0.9911380058779835	7.063899378353148e-05	0.000801306014905445	1.700602599897991e-08	6.196552568295025e-10	0.007566810672509833	['B23']	GYMNO	452849113
5.41029254322479e-05	0.0002933896806711139	0.9992689161013053	5.634045838128405e-06	9.781587323026645e-05	0.00022838736189746795	3.7993173947635174e-07	5.1374079886088324e-05	['B23']	LILI	452849461
8.67001748614238e-05	1.684427593631986e-06	0.9992990269357469	4.85653558207393e-06	0.0006065266084223017	1.843776473307691e-08	4.6324065437451916e-11	1.1868337048618692e-06	['B23']	GYMNO	456061331
6.226366340188426e-06	2.3992236545124802e-06	0.9999819878176578	4.1283554989555106e-08	8.752598892636447e-06	5.899384150763316e-07	1.2967874100023092e-11	2.758517018995977e-09	['B23']	LILI	456061430
9.589416391856775e-05	1.2792282900359858e-05	0.9998420036153581	7.765792225495408e-07	3.396802354918247e-05	1.4332307889746616e-05	1.0287151099950568e-09	2.3199844649102266e-07	['B23']	LILI	456061535
0.00023218786280298085	1.811432852524366e-05	0.9996169951552264	4.763206314541098e-06	7.307604379543808e-05	4.354715228963662e-05	1.6291293300865793e-08	1.1299959752445184e-05	['B23']	LILI	456061637
0.000259011894293688	3.229371477752746e-05	0.9995235992729741	6.749730330863244e-06	9.740131960621217e-05	6.281666163638343e-05	3.3025974673113623e-08	1.809438040644321e-05	['B23']	LILI	456061749
0.003478767353477004	0.002982780170063508	0.9246321196226849	0.0008560182091382826	0.001994884877230947	0.005241172433416275	0.000170251157669493	0.06064400617631959	['B23']	LILI	456061865
0.0049104569687493825	7.17128746680683e-08	0.9945795406418046	1.1299437488473543e-05	0.00033675621142571815	3.869248998469924e-05	2.8485797307547654e-07	0.00012289767969940677	['B23']	HAP	456061976
0.000269107677057362	2.1389966587608044e-05	0.9996430975072419	8.859356459029835e-07	6.238233949440294e-05	3.1004976580966075e-06	7.926928681318149e-11	3.599704536436756e-08	['B23']	LILI	456330871
0.0002452216307630846	0.0008052579954012792	0.9970896020585003	2.2125493949398845e-05	0.00015418891715618407	0.0014049041607748776	2.5546888798108433e-06	0.00027614505457528813	['B23']	bMAG	456330969
0.0046938560216511546	0.006298936272756178	0.8971872161150408	0.001206933350548233	0.002297322761581176	0.011324077351045743	0.00035678438013251744	0.07663487374724431	['B23']	EUDI	459014471
3.457729193631469e-07	3.1496132439586575e-09	0.9999963490322017	6.167677907224746e-09	3.293839882107785e-06	2.4867826745040204e-10	1.783827276131756e-14	1.7890096692495e-09	['B23']	CPH	459314754
9.982821736611878e-05	0.0005906791042395858	0.0004942610623913551	0.00019401092292028508	2.2810956598199833e-05	0.005206716535968304	0.00878356510168056	0.9846081280988357	['G']	EUDI	470227687
5.4798442783166855e-05	1.451044012029605e-07	0.997355978467076	1.705901147409879e-06	0.002586014460691577	2.1151860662696777e-09	3.9236655804405176e-11	1.3554694779296272e-06	['B23']	RED	471434880
0.0012230338707843015	0.05434063739266241	0.6122287173566021	0.0010500066131897857	0.0014398024620672753	0.09997155179904409	0.008663537998835291	0.22108271250681474	['B23']	EUDI	482651177
8.490364576862256e-05	0.0033589887334713876	0.00623960427462388	0.00016641917428548552	3.073913313310207e-05	0.06011950346284619	0.02685631703128777	0.9031435245445836	['G']	EUDI	484759624
9.851257155004742e-05	2.0914689419801735e-09	0.9998791774293279	8.373271900173215e-07	7.710408088881512e-06	2.6494685182556846e-07	4.47527074008128e-11	1.3495180769774545e-05	['B23']	CPH	484759769
0.2235212168153634	5.9626659094394555e-06	0.762334071728933	0.0013675788143893027	0.003432552624542495	2.67448764595068e-05	5.630031299439541e-08	0.009311816174089889	['B23']	EUG	498662898
0.9727492535705775	2.2100987142425893e-08	0.008249405207492774	0.00010196153769774853	1.763055511185591e-05	0.01640696148359552	0.00017845255593704562	0.002296312988600367	['A']	RED	501000113
0.006759952304196113	0.0011766286378529795	0.9844020806140527	0.00035371465337724763	0.0013500530865004905	0.0029264990114619047	1.4463580155790118e-05	0.003016608112402832	['B23']	EUDI	501594910
1.0594146305294723e-06	1.8192384344485638e-07	0.00040677281509714783	2.3272233692857444e-05	1.477781769098599e-05	1.0083194734117037e-07	2.788759577250304e-06	0.9995510462035204	['G']	GYMNO	501595032
0.02949969424894167	0.002990337897920534	0.9286342893250216	0.0014205288876695623	0.002087921724930979	0.015175044976487336	8.9963225293288e-05	0.020102219713734944	['B23']	EUDI	501595124
0.0012403767212445902	1.3380792775299636e-07	0.9967036648616472	1.696149200475691e-05	0.0019388780731370897	4.695684432594928e-07	8.187998797662983e-09	9.950728759648159e-05	['B23']	RED	501673126
0.0020810111564396982	6.352851359336894e-05	0.9972013064684171	3.4464295941321464e-05	0.0005221144757006617	6.439398052344514e-05	5.5634855797786424e-08	3.3125474528764914e-05	['B23']	EUDI	501770833
1.2956247456254488e-05	1.219801544164703e-06	0.9998476631200219	8.384233425037084e-07	0.0001366927730925507	2.1866965688143223e-08	2.8432738796949584e-11	6.077391440861681e-07	['B23']	LILI	511347561
0.005127650828650195	0.01735361379056635	0.835659025771572	0.001715203709813379	0.003233670517958709	0.025014638530583343	0.0012040665279003096	0.11069213032295588	['B23']	EUDI	511348314
0.0007015999890906309	4.92498476874765e-05	0.9990134307640812	4.5167018404009644e-06	6.427095814996102e-05	0.00016499915803058155	1.3678440538693155e-08	1.9189026790562528e-06	['B23']	EUDI	511348416
0.0003126390742821584	2.4638379563743514e-05	0.9996063343812682	7.641650596566154e-07	4.508573535812008e-05	1.051443632005214e-05	1.8637658622723656e-10	2.3641771575461877e-08	['B23']	EUDI	511348509
0.013135972569701759	2.506589049672568e-05	0.9861579981896789	5.662264542157193e-05	0.00055834142505831	4.4452011434164875e-05	1.0934723050991528e-08	2.153633348545371e-05	['B23']	LILI	511943334
0.009844585596947899	2.304419385046491e-05	0.9895065421678702	4.658585604654762e-05	0.0005289675225381385	3.354985387432524e-05	8.612276165192334e-09	1.6716196596384023e-05	['B23']	LILI	511943447
0.008486709850326226	2.3692969331452903e-05	0.9909561737101128	3.625754776578798e-05	0.0004536326695590253	3.325343550787854e-05	6.667786300989191e-09	1.0273149610623186e-05	['B23']	LILI	511943548
0.004493935169038135	0.009567581708978659	0.9604633256543418	0.0004915583569951531	0.0013469270654826908	0.016518766471296263	0.00013504454457468303	0.006982861029292445	['B23']	EUDI	511943653
0.00035669023844844323	9.278554484061361e-10	0.997255090221538	5.897518185089482e-06	2.0463871205951548e-05	8.792196209611484e-06	3.2736086295223325e-08	0.0023530322904714	['B23']	RED	51209843
0.012904197443274668	2.094583358948704e-05	0.9864912788519973	4.7734347666907606e-05	0.0004832175029773335	3.815528984924608e-05	7.427729301172175e-09	1.4463302915597105e-05	['B23']	LILI	512721395
0.004661687248919728	7.448967441179436e-06	0.8638879250183507	0.0007193376503912279	0.0012954471937052525	5.933441216998097e-05	2.0300353354467663e-06	0.12936678947368657	['B23']	GYMNO	512721474
1.987404192720237e-06	1.1609686262799218e-06	0.9999512916597596	1.1712860255112943e-07	4.537487075961801e-05	3.7884713442544734e-08	2.0921100600031985e-11	3.0062424763664706e-08	['B23']	GYMNO	512721557
0.00014614711388426997	4.371390597619436e-05	0.9996898855503795	6.767639686538652e-07	0.00011905550283401312	5.094661146931726e-07	2.6598406891378198e-11	1.1670244081379658e-08	['B23']	GYMNO	512721623
0.008781777399548416	0.00030610971295155765	0.9901005764483379	6.219309596957807e-06	0.0008035954034474315	1.7080419090114335e-06	3.469633963844736e-11	1.3649512528494135e-08	['B23']	GYMNO	512721697
0.03407794603048322	7.648459308311322e-07	0.959744478461763	0.0005346632526950125	0.004267919374193087	4.1549259726523754e-07	2.1103808823296286e-09	0.0013738104319567614	['B23']	GYMNO	512721770
0.06817254935886152	3.292177709531074e-05	0.9186922905283219	0.0010443643608640703	0.002976369493949432	0.0002560309320446623	1.0238303501001987e-06	0.00882444971851313	['B23']	EUDI	519704483
6.369402816199239e-07	5.431364423768402e-09	0.9998956624035975	2.2280582830572826e-07	0.00010167562862676676	9.477252956897595e-10	3.2450109983551605e-11	1.7958101260783962e-06	['B23']	RED	519704831
0.010045206944399167	1.9707158813697114e-05	0.9894151026693576	3.717233087217075e-05	0.0004424105017094292	3.0176403073446487e-05	5.299344109792104e-09	1.0218692430423737e-05	['B23']	LILI	520850484
0.005458935438114862	0.00533328953171788	0.9717194027022328	0.0004746498854375029	0.0014197691457466406	0.009908251829040744	7.070730860272398e-05	0.00561499415910674	['B23']	EUDI	520850563
0.012074649242436728	1.5820993464714503e-08	0.9870967091495196	1.0742566079610014e-05	7.353430003851125e-05	0.00030024718436679675	1.3889837727391335e-07	0.00044396283818806534	['B23']	HAP	520850646
0.012024024981053882	1.6460668083196358e-08	0.9872571277789358	7.91570861667165e-06	9.218706135853231e-05	0.0002839736587546287	1.434648879596958e-07	0.0003346108857244332	['B23']	HAP	523420608
0.000839072836477956	0.00012769644123498714	0.9985940625201211	2.5828106346313287e-06	0.00043467534212266416	1.8521469620871293e-06	1.9430496546878234e-10	5.770814160297678e-08	['B23']	GYMNO	523420621
0.0001446580881682369	1.0819112749032666e-06	0.9998339796129704	6.006706251070525e-07	1.2820893500086638e-05	6.46420962856824e-06	1.863710962047668e-10	3.9442746166075666e-07	['B23']	LILI	525778484
4.773558935181819e-06	6.27964125005206e-07	0.9999912550114367	8.753605803252271e-09	3.2875787377531257e-06	4.7044840985494575e-08	1.0237369398199018e-13	8.821620056497908e-11	['B23']	LILI	525782195
0.0001446580881682369	1.0819112749032666e-06	0.9998339796129704	6.006706251070525e-07	1.2820893500086638e-05	6.46420962856824e-06	1.863710962047668e-10	3.9442746166075666e-07	['B23']	LILI	525782274
0.005335948973731043	4.54373849556764e-05	0.9941254014313557	2.7330653104039414e-05	0.0003717353725452567	8.290449105008351e-05	1.7759728415764664e-08	1.1223933529759841e-05	['B23']	EUDI	526175872
0.003589297715533198	7.167402114042004e-05	0.9956942459510713	3.7261256746165053e-05	0.00047415052557756997	0.00010603394097665469	5.395786242247217e-08	2.728263109235891e-05	['B23']	EUDI	526175959
0.005458935438114862	0.00533328953171788	0.9717194027022328	0.0004746498854375029	0.0014197691457466406	0.009908251829040744	7.070730860272398e-05	0.00561499415910674	['B23']	EUDI	526176043
0.005458935438114862	0.00533328953171788	0.9717194027022328	0.0004746498854375029	0.0014197691457466406	0.009908251829040744	7.070730860272398e-05	0.00561499415910674	['B23']	EUDI	526176130
0.005458935438114862	0.00533328953171788	0.9717194027022328	0.0004746498854375029	0.0014197691457466406	0.009908251829040744	7.070730860272398e-05	0.00561499415910674	['B23']	EUDI	526176217
0.005458935438114862	0.00533328953171788	0.9717194027022328	0.0004746498854375029	0.0014197691457466406	0.009908251829040744	7.070730860272398e-05	0.00561499415910674	['B23']	EUDI	526176311
0.017836002260576574	0.003057402742442371	0.09758377203585446	0.0036381990369615015	0.0014255929628317848	0.01970103988164553	0.0018149427522977403	0.8549430483273901	['G']	LILI	529249719
0.0001446580881682369	1.0819112749032666e-06	0.9998339796129704	6.006706251070525e-07	1.2820893500086638e-05	6.46420962856824e-06	1.863710962047668e-10	3.9442746166075666e-07	['B23']	LILI	533310084
0.0001446580881682369	1.0819112749032666e-06	0.9998339796129704	6.006706251070525e-07	1.2820893500086638e-05	6.46420962856824e-06	1.863710962047668e-10	3.9442746166075666e-07	['B23']	LILI	533310181
3.8193368527815325e-05	0.001108087154660716	0.9962665846649479	4.842780789143718e-05	0.0008894951198809312	0.00014405348848231886	8.769663002422369e-06	0.0014963887326064549	['B23']	FRN	533310270
1.8887195917960258e-05	1.6727658055204028e-05	0.9996089312610384	5.107663878862609e-06	0.00013647282449522587	1.6828991292892056e-05	1.3695962170209786e-07	0.00019690744569976997	['B23']	FRN	542687235
6.35718012532834e-05	1.8814384993224245e-09	0.9999251620175519	1.0543274490280946e-07	9.887789333009303e-06	8.03173293366181e-07	6.182396087731019e-11	4.678425611698314e-07	['B23']	DTM	542687661
0.23237884269978618	5.220995378968616e-08	0.7641285967854551	1.6136987131864237e-06	8.041171026026061e-05	0.0034064560890571982	2.4347015492183533e-08	4.0024597588172616e-06	['B23']	DTM	542687811
5.253904529431171e-05	4.431904320844041e-09	0.9999329131457791	4.578756316787501e-08	1.4198906155998729e-05	2.637463508136796e-07	9.326414260079701e-12	3.492762573409095e-08	['B23']	DTM	542687962
0.015057803574998448	0.006722873325440258	0.9445397678271439	0.0005880559503048671	0.0012809476753483614	0.026685985316508894	8.022954643536295e-05	0.005044336783819821	['B23']	EUDI	542688107
1.4033929119686164e-05	2.0273137904479702e-09	0.9999808673366386	1.087629927137322e-08	5.000373550335533e-06	8.048915042878776e-08	1.0822513181997608e-12	4.966845604106899e-09	['B23']	DTM	543132528
0.006837187714449044	0.007719332741491707	0.9585002599402169	0.0005947030716752057	0.0014374850243025988	0.01731528394848544	0.00012370761922534388	0.007472039940153828	['B23']	EUDI	544163592
0.01128059316786272	0.0020043639795731595	0.9783477743748182	0.0002500366016725914	0.0008004354513355971	0.006586297943994471	8.156296545068506e-06	0.000722342184198275	['B23']	EUDI	545716224
0.01128059316786272	0.0020043639795731595	0.9783477743748182	0.0002500366016725914	0.0008004354513355971	0.006586297943994471	8.156296545068506e-06	0.000722342184198275	['B23']	EUDI	545716310
0.01128059316786272	0.0020043639795731595	0.9783477743748182	0.0002500366016725914	0.0008004354513355971	0.006586297943994471	8.156296545068506e-06	0.000722342184198275	['B23']	EUDI	545716396
0.01128059316786272	0.0020043639795731595	0.9783477743748182	0.0002500366016725914	0.0008004354513355971	0.006586297943994471	8.156296545068506e-06	0.000722342184198275	['B23']	EUDI	545716482
0.01128059316786272	0.0020043639795731595	0.9783477743748182	0.0002500366016725914	0.0008004354513355971	0.006586297943994471	8.156296545068506e-06	0.000722342184198275	['B23']	EUDI	545716568
0.01128059316786272	0.0020043639795731595	0.9783477743748182	0.0002500366016725914	0.0008004354513355971	0.006586297943994471	8.156296545068506e-06	0.000722342184198275	['B23']	EUDI	545716654
0.01128059316786272	0.0020043639795731595	0.9783477743748182	0.0002500366016725914	0.0008004354513355971	0.006586297943994471	8.156296545068506e-06	0.000722342184198275	['B23']	EUDI	545716740
0.01128059316786272	0.0020043639795731595	0.9783477743748182	0.0002500366016725914	0.0008004354513355971	0.006586297943994471	8.156296545068506e-06	0.000722342184198275	['B23']	EUDI	545716826
0.01128059316786272	0.0020043639795731595	0.9783477743748182	0.0002500366016725914	0.0008004354513355971	0.006586297943994471	8.156296545068506e-06	0.000722342184198275	['B23']	EUDI	545716912
0.01128059316786272	0.0020043639795731595	0.9783477743748182	0.0002500366016725914	0.0008004354513355971	0.006586297943994471	8.156296545068506e-06	0.000722342184198275	['B23']	EUDI	545716998
0.016099732225521406	0.0018360942548493239	0.9721937600727485	0.00029739937666577393	0.0008320627162674745	0.007885275552716214	8.696507729864683e-06	0.0008469792935014674	['B23']	EUDI	545717084
0.0058281668916035055	0.007666488083139303	0.9568732724081908	0.0005653087098347378	0.0013502591817023523	0.018335174161935176	0.00014232403242366972	0.009239006531170406	['B23']	EUDI	545717170
0.004802756795307224	0.011486963125120285	0.9488491280558706	0.0006332026946817079	0.0015895373894725606	0.019825352924473596	0.0002220959259125072	0.01259096308916162	['B23']	EUDI	545717256
0.0058281668916035055	0.007666488083139303	0.9568732724081908	0.0005653087098347378	0.0013502591817023523	0.018335174161935176	0.00014232403242366972	0.009239006531170406	['B23']	EUDI	545717342
0.0058281668916035055	0.007666488083139303	0.9568732724081908	0.0005653087098347378	0.0013502591817023523	0.018335174161935176	0.00014232403242366972	0.009239006531170406	['B23']	EUDI	545717428
0.0032453183238926662	0.0006268082539103957	0.9944790468529421	7.224624906098974e-05	0.0005690668544335127	0.0008891653558531963	9.13502025188e-07	0.00011743460788195163	['B23']	EUDI	545717514
0.0058281668916035055	0.007666488083139303	0.9568732724081908	0.0005653087098347378	0.0013502591817023523	0.018335174161935176	0.00014232403242366972	0.009239006531170406	['B23']	EUDI	545717600
0.0058281668916035055	0.007666488083139303	0.9568732724081908	0.0005653087098347378	0.0013502591817023523	0.018335174161935176	0.00014232403242366972	0.009239006531170406	['B23']	EUDI	545717686
0.0058281668916035055	0.007666488083139303	0.9568732724081908	0.0005653087098347378	0.0013502591817023523	0.018335174161935176	0.00014232403242366972	0.009239006531170406	['B23']	EUDI	545717772
0.0058281668916035055	0.007666488083139303	0.9568732724081908	0.0005653087098347378	0.0013502591817023523	0.018335174161935176	0.00014232403242366972	0.009239006531170406	['B23']	EUDI	545717858
0.0058281668916035055	0.007666488083139303	0.9568732724081908	0.0005653087098347378	0.0013502591817023523	0.018335174161935176	0.00014232403242366972	0.009239006531170406	['B23']	EUDI	545717944
0.0060636212167907155	0.000759227719099702	0.9903266776242294	9.646167563861397e-05	0.0005017253556383947	0.002099816835543401	1.4524019861779494e-06	0.00015101717107349584	['B23']	EUDI	545718030
0.0058281668916035055	0.007666488083139303	0.9568732724081908	0.0005653087098347378	0.0013502591817023523	0.018335174161935176	0.00014232403242366972	0.009239006531170406	['B23']	EUDI	545718116
0.0058281668916035055	0.007666488083139303	0.9568732724081908	0.0005653087098347378	0.0013502591817023523	0.018335174161935176	0.00014232403242366972	0.009239006531170406	['B23']	EUDI	545718202
0.0058281668916035055	0.007666488083139303	0.9568732724081908	0.0005653087098347378	0.0013502591817023523	0.018335174161935176	0.00014232403242366972	0.009239006531170406	['B23']	EUDI	545718288
0.0058281668916035055	0.007666488083139303	0.9568732724081908	0.0005653087098347378	0.0013502591817023523	0.018335174161935176	0.00014232403242366972	0.009239006531170406	['B23']	EUDI	545718374
0.0058281668916035055	0.007666488083139303	0.9568732724081908	0.0005653087098347378	0.0013502591817023523	0.018335174161935176	0.00014232403242366972	0.009239006531170406	['B23']	EUDI	545718460
0.0058281668916035055	0.007666488083139303	0.9568732724081908	0.0005653087098347378	0.0013502591817023523	0.018335174161935176	0.00014232403242366972	0.009239006531170406	['B23']	EUDI	545718546
0.003948094157230122	0.009865434030772176	0.9617891740048808	0.0005312893399196555	0.0015824704614241024	0.013244218275764141	0.00014624049598586778	0.00889307923402323	['B23']	EUDI	545718632
