A	B23	C1	C3	E	F	G	predicted	Clade	ID
3.989656136354691e-06	0.826996511791952	6.019738409093257e-06	1.0718159554782446e-05	0.1580458591320618	0.0010796693836216949	0.013857232138264158	['B23']	all_ANABAENA_SP_PCC_7108_id.fas.out:LCV	ANABAENA_SP_PCC_7108
0.16730469711496546	1.4651850501839132e-06	2.9474115740264e-05	0.005273278526790201	4.8920691830783436e-05	0.8273376072147102	4.557150912898224e-06	['F']	all_Anabaena_90_uid179383_id.fas.out:LCV	Anabaena_90_uid179383
0.9996714684877568	0.00019541678491404895	2.2572228705006857e-06	2.1356481337714156e-07	0.00011564652453821725	6.588304673620784e-06	8.409110433413347e-06	['A']	all_Anabaena_cylindrica_PCC_7122_uid183339_id.fas.out:LCV	Anabaena_cylindrica_PCC_7122_uid183339
0.9919803257895711	5.887225334087793e-07	5.36825023319891e-05	0.0002986475192917994	0.001748764526956007	0.002378744491876221	0.003539246447439615	['A']	all_Anabaena_variabilis_ATCC_29413_id.fas.out:LCV	Anabaena_variabilis_ATCC_29413
0.00842029442452939	0.026372055938087464	1.5491625941350734e-05	2.3399801009398097e-05	0.9645926231207911	0.0001754310499698987	0.0004007040396716061	['E']	all_CALOTHRIX_SP_PCC_7103_id.fas.out:LCV	CALOTHRIX_SP_PCC_7103
0.0028110341425019105	2.765642194301034e-05	1.1498295138499598e-05	0.00012707597233996794	2.2163737038463313e-05	0.987944449260736	0.00905612217030236	['F']	all_CYANOBACTERIUM_PCC_7702_id.fas.out:LCV	CYANOBACTERIUM_PCC_7702
0.054562526367445775	0.06302207023560254	0.0001301652821482223	0.0016041731959586035	0.009115738369076108	0.8683092105237142	0.0032561160260545043	['F']	all_Calothrix_PCC_6303_uid183109_id.fas.out:LCV	Calothrix_PCC_6303_uid183109
0.9999994887578509	3.277961640626787e-07	1.8221909211745055e-08	8.121857827861708e-10	1.3577461298562202e-07	6.818530132548613e-09	2.1818747287698645e-08	['A']	all_Calothrix_PCC_7507_uid182930_id.fas.out:LCV	Calothrix_PCC_7507_uid182930
0.03926610699045036	0.9538788947208113	3.5818871758594095e-06	0.00011941825685005385	7.087693781818382e-05	0.006652714082744635	8.407124149500617e-06	['B23']	all_Chroococcidiopsis_thermalis_PCC_7203_uid183002_id.fas.out:LCV	Chroococcidiopsis_thermalis_PCC_7203_uid183002
0.07527528723734175	0.9119659504733646	9.388689960536569e-06	0.00027370802375728526	0.00038283260199469226	0.01194533879573322	0.0001474941778478749	['B23']	all_Cylindrospermopsis_raciborskii_CS-505_id.fas.out:LCV	Cylindrospermopsis_raciborskii_CS-505
0.8165933307885448	0.002940000949113979	0.00012144133764107142	0.009107160756528303	0.00020918963836917656	0.17100210512442174	2.6771405380804454e-05	['A']	all_FISCHERELLA_SP_JSC-11_id.fas.out:LCV	FISCHERELLA_SP_JSC-11
0.5714012614980544	0.0001393783291623693	0.00012347706288128268	0.0019598058388031704	0.00014678497521968185	0.414978471500684	0.011250820795195246	['A']	all_FISCHERELLA_SP_PCC_9339_id.fas.out:LCV	FISCHERELLA_SP_PCC_9339
0.999999277081136	2.6392939545274693e-07	7.215341654488912e-09	5.30079950511843e-10	4.430252445828226e-07	1.2730799460576019e-09	6.945722388275243e-09	['A']	all_FISCHERELLA_SP_PCC_9431_id.fas.out:LCV	FISCHERELLA_SP_PCC_9431
6.807294800074606e-07	0.9999943891430312	3.655350629555079e-10	1.1215910677557593e-08	1.98679890372459e-08	4.834969650029987e-06	6.370840394668142e-08	['B23']	all_FISCHERELLA_SP_PCC_9605_id.fas.out:LCV	FISCHERELLA_SP_PCC_9605
0.8101523715494511	0.18852258113617604	2.102575952417903e-06	7.956163858817991e-05	0.0012269673440079662	1.5866367265354203e-05	5.493885589685025e-07	['A']	all_Gloeocapsa_PCC_7428_uid183112_id.fas.out:LCV	Gloeocapsa_PCC_7428_uid183112
0.0034840225569708	0.0007800478391283523	3.6480719447538294e-06	0.00020441217026780434	3.997411540348587e-06	0.9953525265825539	0.00017134536759423605	['F']	all_MASTIGOCLADOPSIS_REPENS_PCC_10914_id.fas.out:LCV	MASTIGOCLADOPSIS_REPENS_PCC_10914
0.998800026827696	7.576167750277095e-05	9.276815368501535e-07	2.303971841728299e-07	0.0011188487775341954	1.0224448891120612e-06	3.182193656789721e-06	['A']	all_MICROCHAETE_SP_PCC_7126_id.fas.out:LCV	MICROCHAETE_SP_PCC_7126
0.020644973291780933	0.009273923839848257	0.00011462353537332565	0.0018957431169778125	0.06889077904438298	0.8978575838859957	0.0013223732856409683	['F']	all_NOSTOC_AZOLLAE_0708_id.fas.out:LCV	NOSTOC_AZOLLAE_0708
0.007535630158393919	0.01607636712901629	2.5797639141186964e-06	0.0001840698176035766	7.547935983975228e-06	0.9707059918228822	0.005487813372205952	['F']	all_Nodularia_spumigena_CCY9414_id.fas.out:LCV	Nodularia_spumigena_CCY9414
0.001930487902577256	0.4587559087829168	2.3747647784880002e-05	2.998701836130193e-05	0.5366027053851143	0.0009492435811694471	0.0017079196820758986	['E']	all_Nostoc_PCC_7107_uid182932_id.fas.out:LCV	Nostoc_PCC_7107_uid182932
0.00011079022113688353	0.019565731604713435	2.3755298515431234e-06	3.301355312395129e-05	0.004994229847504914	0.970881206278174	0.004412652965495275	['F']	all_Nostoc_PCC_7524_uid182933_id.fas.out:LCV	Nostoc_PCC_7524_uid182933
0.9999911330693636	8.344518932334383e-06	8.046603609445284e-08	2.824677233322188e-09	1.905702570563013e-07	1.3585251532462356e-07	1.12698218514862e-07	['A']	all_Nostoc_punctiforme_PCC_73102_id.fas.out:LCV	Nostoc_punctiforme_PCC_73102
0.9640364662985157	5.878379373181612e-06	0.00012673748979215538	0.0004339462702127377	0.004439289149107063	0.005790409755294701	0.02516727265770477	['A']	all_Nostoc_sp._PCC_7120_id.fas.out:LCV	Nostoc_sp._PCC_7120
0.030973475332676047	0.9613601255422051	4.349112587417351e-06	0.00013638911632451968	0.00019847179616395118	0.0072541154523790416	7.307364766415878e-05	['B23']	all_Raphidiopsis_brookii_D9_id.fas.out:LCV	Raphidiopsis_brookii_D9
0.005678635445467479	0.00035565464868360695	4.004393550938463e-06	0.00034683344585153343	6.1993826505537536e-06	0.9936026098718862	6.062811909607773e-06	['F']	all_Rivularia_PCC_7116_uid182929_id.fas.out:LCV	Rivularia_PCC_7116_uid182929
0.011475967943361861	1.8290390356953616e-05	2.1842815095621145e-06	0.00030496615870731427	7.585628143471644e-06	0.9881093082563528	8.169734156807312e-05	['F']	all_SYNECHOCYSTIS_SP_PCC_7509_id.fas.out:LCV	SYNECHOCYSTIS_SP_PCC_7509
0.99518687012306	0.0004348881721817626	6.45500568869141e-06	1.5341742789439629e-06	0.0043168776101323615	1.7647881463060036e-05	3.5727033195420613e-05	['A']	all_TOLYPOTHRIX_SP_PC_9009_id.fas.out:LCV	TOLYPOTHRIX_SP_PC_9009
