A	B23	C1	C3	E	F	G	predicted	Clade	ID
0.9999187272304904	6.84672376826184e-05	8.272188823502797e-07	4.284771862764929e-09	1.6868881140302063e-08	1.1912413367912991e-05	4.4745923478658306e-08	['A']	RED	11465393
0.36928865673251166	0.16635875009443482	0.00894302433473764	0.0012201312367319658	0.31849240357688546	0.01417799900730166	0.12151903501739696	['A']	RED	11465652
0.9962254612112237	0.003613975538901569	1.4077680501512195e-05	5.398726417976882e-07	0.00011263008194999941	8.968069718056884e-06	2.4347545063364038e-05	['A']	DTM	11467432
0.0015061246936106923	0.010569568370981322	0.00034435106822579156	0.0001624491757478768	0.9839536074315934	2.381981007413132e-05	0.003440079449766636	['E']	CRYPTO	11467607
0.9998311979838904	0.00016341396405522644	5.17911304851721e-07	1.624363319681458e-08	7.419132715819783e-07	3.203592314537033e-06	9.083915300668979e-07	['A']	DTM	118410962
0.48723549001850824	0.04237443411970405	0.0006752960900989875	0.00010643086280599666	0.46228127327704016	0.00020958026953924353	0.00711749536230327	['A']	DTM	118411095
0.9999999933985435	6.591454979002374e-09	6.108758483578609e-12	9.098483568870454e-14	5.006015108573778e-14	3.7416382119212514e-12	1.015348247236466e-14	['A']	EUG	12545411
0.7852958703631617	0.0010182333320907558	0.00019788374502705816	3.7719498230392506e-05	0.2119286154295303	1.4284288621820914e-06	0.001520249203097578	['A']	CRYPTO	149071965
0.05250129864035178	0.18017196128347784	0.00039479651761914795	0.0005797674313803784	0.7356524215678288	0.022221921255891286	0.008477833303450694	['E']	DTM	189095288
0.9960413147753687	0.003912473033885455	4.576759847067967e-06	1.1845723355493343e-07	6.464709944216611e-06	3.0353822922084404e-05	4.698440799116135e-06	['A']	DTM	215400692
0.41863652104792415	1.1442927607743186e-05	0.00015451128372058278	2.3375644758909907e-05	0.5801851520042924	6.840220503517541e-07	0.000988313069645706	['E']	DTM	242620015
0.9329543343911452	0.0057549058462952815	0.009719323132954816	0.00015726395951999987	0.05041292631450674	3.663397586705272e-05	0.0009646123797110886	['A']	DTM	242624258
0.9264019582739965	0.0001059289984532317	0.00027123367284664316	1.3966737677886244e-05	0.0691940028224163	3.121105622607291e-06	0.004009788388986805	['A']	DTM	269100994
0.9066456485448848	0.09261754483188518	2.700170394600671e-05	6.219144960410302e-07	2.170754029288769e-05	0.0006659591128456492	2.15163516495337e-05	['A']	CRYPTO	283794864
0.9999995932580048	3.952116474640968e-07	4.653918165200887e-09	5.204719789753554e-11	2.550373803974017e-10	6.39716847480198e-09	1.721764305010267e-10	['A']	EUG	30410708
0.9370628026400807	0.057301017762333116	0.0005171329525713214	6.70252848736489e-06	0.0010763026562726978	0.0020331556096299308	0.0020028858506245866	['A']	RED	30468047
0.10123127973664142	0.1364299615747205	0.0009761169336400353	0.00010907681927457693	0.7109768897394745	0.001052935947567404	0.04922373924868158	['E']	DTM	315320467
0.9940378666300883	0.003301491738579654	4.7704261295643416e-05	4.780869824888533e-06	0.0023748265156246025	4.136019294603746e-05	0.0001919697916408658	['A']	DTM	330850815
0.9999935158863452	6.448885024503635e-06	2.7709837816164873e-09	1.6002484024888506e-10	2.8981107838447045e-08	2.0247359760358648e-09	1.2917780129474826e-09	['A']	LILI	339906432
0.9999935158863452	6.448885024503635e-06	2.7709837816164873e-09	1.6002484024888506e-10	2.8981107838447045e-08	2.0247359760358648e-09	1.2917780129474826e-09	['A']	LILI	340034006
0.9999944673482974	5.500252577695738e-06	2.5258751161136442e-09	1.4514993459744961e-10	2.680547513683134e-08	1.7506407962781783e-09	1.1719837401848807e-09	['A']	LILI	340034177
0.9999935158863452	6.448885024503635e-06	2.7709837816164873e-09	1.6002484024888506e-10	2.8981107838447045e-08	2.0247359760358648e-09	1.2917780129474826e-09	['A']	LILI	340034345
0.9999980378855556	1.9521400035956313e-06	1.1929395101488978e-09	6.529542985125116e-11	7.624973128706438e-09	6.961471026539199e-10	3.9508559854340346e-10	['A']	LILI	340034430
0.9999935158863452	6.448885024503635e-06	2.7709837816164873e-09	1.6002484024888506e-10	2.8981107838447045e-08	2.0247359760358648e-09	1.2917780129474826e-09	['A']	LILI	340034515
0.9999065496813196	9.300156165801694e-05	5.846365956587248e-08	2.124203426240406e-09	4.4741878923139935e-08	3.205184521318026e-07	2.2908828371111142e-08	['A']	LILI	342316100
0.999993115424806	6.861985817991293e-06	4.1678758457225736e-09	2.0402241024728639e-10	1.1632299829102099e-08	5.145718469316688e-09	1.4394594464772402e-09	['A']	MAG	342316184
0.0452896273137175	0.954174129787375	2.2785029806029707e-06	4.6298206741025153e-07	0.00047888280457218023	4.179726836237112e-05	1.2821340925210176e-05	['B23']	LILI	342316269
0.9831287738989294	0.01686122594138437	3.621989933855992e-07	2.9174790644031066e-08	7.693723533568309e-06	1.5102146904056867e-06	4.048476780478215e-07	['A']	LILI	342316353
0.9999995210124933	4.77978084004769e-07	2.8005832594575984e-10	1.4607923211369354e-11	5.293922764678918e-10	1.4613548454750545e-10	3.922888492857411e-11	['A']	LILI	345895196
0.006676502857326864	0.9930009460661864	9.654248746212056e-07	2.418590068596786e-07	0.00028985732713163344	2.499434416008062e-05	6.492121313418802e-06	['B23']	EUDI	346578170
0.9734713206601198	0.02651541819583298	5.32409315551535e-07	4.334503182560003e-08	9.739722244808301e-06	2.359654327181097e-06	5.860131276676028e-07	['A']	EUDI	346683273
0.9999996905129881	3.0524304720950914e-07	1.6026353991589537e-09	4.682544800749971e-11	7.508821039663303e-10	1.5612443636862345e-09	2.8237757686155013e-10	['A']	GYMNO	351653779
0.023308775561785042	0.9760992020854642	2.113385179958284e-06	4.746816129660388e-07	0.0005293801040994426	4.583847124374009e-05	1.421571061439334e-05	['B23']	EUDI	351653853
0.9999984450506723	1.5171470369031044e-06	8.704806786971075e-09	2.5762424884327683e-10	6.914269733432932e-09	1.8018226339218784e-08	3.907363795963926e-09	['A']	GYMNO	352950885
0.0002865097609048165	0.9717758404284563	3.1000966552886984e-05	1.4526287073063513e-05	0.024893347967243698	0.00012605170304294373	0.0028727228867263593	['B23']	GYMNO	352950958
0.9993629454681024	0.0006191373414799707	1.2025030829090496e-06	1.0297853181248166e-08	4.877162046644191e-08	1.658123646600125e-05	7.438139472069671e-08	['A']	GYMNO	352951041
0.9999995574820271	4.343673201743945e-07	2.2503898520710953e-09	7.678571949687617e-11	2.3630604058290347e-09	2.651854035118441e-09	8.085628276089037e-10	['A']	GYMNO	353351805
0.0020772393571847534	0.9972749826354117	8.601333177962043e-07	2.914303809707781e-07	0.0006026207848821944	3.0797615570451e-05	1.3208043252441975e-05	['B23']	EUDI	359422122
0.6087218224694042	0.39099605994339437	2.2102638169358883e-06	3.2509437571813586e-07	0.0002599869067207821	1.3780533900269324e-05	5.814788387599561e-06	['A']	EUDI	364283964
0.9999447321767434	5.512723631458218e-05	2.1663772117448293e-08	1.0140697168741922e-09	2.966175486678634e-08	7.981710346978328e-08	8.430241643466172e-09	['A']	LILI	364532629
0.8994260187714515	0.10053692363000741	9.892614330000402e-07	9.262196436516895e-08	3.0024006872440187e-05	4.646580975218651e-06	1.305127295982472e-06	['A']	EUDI	372290914
0.9965899076918612	0.0034080731649891415	1.297582481379991e-07	8.995578748995714e-09	1.2604141897815092e-06	5.237313024898955e-07	9.624383064901961e-08	['A']	EUDI	372291012
0.9311584681829019	0.06880887746069086	8.257542091401611e-07	7.648233757041994e-08	2.7279766107905106e-05	3.365551990996845e-06	1.1068017616236584e-06	['A']	EUDI	372291365
0.9311584681829019	0.06880887746069086	8.257542091401611e-07	7.648233757041994e-08	2.7279766107905106e-05	3.365551990996845e-06	1.1068017616236584e-06	['A']	EUDI	372291463
0.9311584681829019	0.06880887746069086	8.257542091401611e-07	7.648233757041994e-08	2.7279766107905106e-05	3.365551990996845e-06	1.1068017616236584e-06	['A']	EUDI	372291753
0.9311584681829019	0.06880887746069086	8.257542091401611e-07	7.648233757041994e-08	2.7279766107905106e-05	3.365551990996845e-06	1.1068017616236584e-06	['A']	EUDI	372291837
0.9840888785483791	0.01590238666728801	4.1718456086633403e-07	3.2052240432555306e-08	5.9739297675740696e-06	1.8883729704456928e-06	4.232447931283703e-07	['A']	EUDI	372450118
0.9999984016738532	1.5937884325463632e-06	8.552650110266489e-10	4.555152143789988e-11	2.8689494904158122e-09	5.695994376281988e-10	1.9834881986381276e-10	['A']	LILI	374249246
0.9999935158863452	6.448885024503635e-06	2.7709837816164873e-09	1.6002484024888506e-10	2.8981107838447045e-08	2.0247359760358648e-09	1.2917780129474826e-09	['A']	LILI	374249330
0.9999986219228536	1.3734771225768774e-06	8.259294609658587e-10	4.378395579550221e-11	3.011851300910939e-09	5.178509013800818e-10	2.0060825146259468e-10	['A']	LILI	374249599
0.9264682261956012	0.0734938605741725	1.9768613154041453e-06	1.4136179354906834e-07	1.5045672293983085e-05	1.8299872823268517e-05	2.4494619999666348e-06	['A']	EUDI	374249683
0.8113551839389321	0.1885862103339227	2.286125358764919e-06	1.92887128448113e-07	3.353503436303679e-05	1.9423740046583883e-05	3.1679402482489066e-06	['A']	EUDI	374249765
0.9994026168693739	0.0005966173481455482	8.266263682285539e-08	4.174059620257878e-09	1.4546685250923934e-07	4.932148408797087e-07	4.0264090763613216e-08	['A']	EUDI	374249848
0.9264682261956012	0.0734938605741725	1.9768613154041453e-06	1.4136179354906834e-07	1.5045672293983085e-05	1.8299872823268517e-05	2.4494619999666348e-06	['A']	EUDI	374249929
0.042473824303470006	3.3534538013294793e-07	0.001000077446162784	1.9699470219210963e-05	0.9564655930972048	3.608729586163129e-08	4.0434250267340305e-05	['E']	CPH	376403573
0.9396517633722373	0.05983423944187525	7.273914939777949e-06	6.230695432623571e-07	0.00045421706732779225	2.015068662753033e-05	3.1732447449010224e-05	['A']	DTM	376403656
0.9999999112424257	8.860797021057582e-08	7.739068994816853e-11	3.251158263922237e-12	2.662628686835296e-11	3.8361184321846615e-11	3.974828747409879e-12	['A']	LILI	377819357
0.965332604611541	0.03465232130727948	6.045554503373376e-07	4.9494428234636455e-08	1.0808977368548225e-05	2.941458365200787e-06	6.695955668648494e-07	['A']	EUDI	377829855
0.9999944577349261	5.505671817692512e-06	2.7080107541964497e-09	1.543685964324679e-10	3.0492823068014986e-08	1.8997881012770005e-09	1.3382656802237943e-09	['A']	LILI	378758395
0.9479109717144423	0.05204598744650697	8.18918253690847e-07	8.191567478861896e-08	3.774899576760411e-05	3.081112357300447e-06	1.3098969975198486e-06	['A']	EUDI	378758475
0.9879460194794227	0.0072606547883604785	7.071304472099184e-05	7.749239714724079e-06	0.004338881831934862	6.62532348378749e-05	0.0003097283810083505	['A']	DTM	378824466
0.9999726108321818	2.7278406688279392e-05	1.13437853838467e-08	5.930708833602552e-10	7.330926228213095e-08	1.8732305526404765e-08	6.7827058681344915e-09	['A']	GYMNO	380448679
0.9999999512130185	4.66860460170188e-08	7.710414836406819e-10	3.7309702062285964e-12	2.925526767825677e-12	1.3205806647826512e-09	2.6567932715876226e-12	['A']	CPH	383930345
0.0007976394504927398	0.9988272593929447	6.286690068703302e-07	2.0865137614161787e-07	0.0003307539101328753	2.994366927462925e-05	1.3566256772026073e-05	['B23']	EUDI	383930428
0.999986569579874	1.3306642036892527e-05	5.711410991574151e-09	3.2446060079569995e-10	1.0814925036519721e-07	5.233605704075147e-09	4.359361644167302e-09	['A']	FRN	383930550
0.9999937576603493	6.205826214995798e-06	4.419641826153205e-09	2.2355023397987099e-10	2.5277450255682546e-08	4.462358734956544e-09	2.1304344957505377e-09	['A']	LILI	383931169
0.9999918814305042	8.096210194287353e-06	4.832470924687543e-09	2.2588175512087778e-10	7.217715916734858e-09	8.684971923214965e-09	1.3982607053086126e-09	['A']	LILI	385153449
0.9999943907212296	5.576662294466627e-06	2.6649845098015867e-09	1.513719140426982e-10	2.665235798216699e-08	1.90874719636041e-09	1.2390143526836766e-09	['A']	LILI	386799151
0.8994260187714515	0.10053692363000741	9.892614330000402e-07	9.262196436516895e-08	3.0024006872440187e-05	4.646580975218651e-06	1.305127295982472e-06	['A']	EUDI	386800818
0.9999174697030903	8.235444654103813e-05	2.646950123568389e-08	1.2759634896723323e-09	4.6876657976624174e-08	8.996112889778395e-08	1.126711722151652e-08	['A']	EUDI	389604315
0.9919764604621666	0.008018210049153252	2.7061755591433966e-07	2.0189030093163287e-08	3.688950914672857e-06	1.093244504836342e-06	2.564866746430161e-07	['A']	EUDI	393396080
0.9385493303553336	0.06142106790878087	8.0179066505869e-07	7.29079410779337e-08	2.435282353770081e-05	3.3198088689447542e-06	1.0544048727315331e-06	['A']	EUDI	394830607
0.9999053597225992	9.45130378201046e-05	1.8516631617798506e-08	9.851944802617767e-10	4.664872278831579e-08	5.378822291890306e-08	7.300809058720085e-09	['A']	EUDI	394830694
0.9385493303553336	0.061421067908780984	8.017906650586915e-07	7.29079410779337e-08	2.4352823537700853e-05	3.3198088689447542e-06	1.0544048727315312e-06	['A']	EUDI	394830780
0.9999053597225992	9.451303782010476e-05	1.8516631617798506e-08	9.851944802617802e-10	4.664872278831579e-08	5.378822291890306e-08	7.300809058720111e-09	['A']	EUDI	394830869
0.9987679722632328	0.0012310536276669646	8.626578242249903e-08	5.275413085086077e-09	4.734327097696645e-07	3.553762968222576e-07	5.375889836540988e-08	['A']	EUDI	394830956
0.9825261660742726	0.017465216546729077	4.347016319833903e-07	3.3267363907227757e-08	5.595188356273172e-06	2.1292297364266668e-06	4.249919094423246e-07	['A']	EUDI	394831081
0.9999909980347494	8.976837056495527e-06	5.473268227913102e-09	2.4929369318737017e-10	6.715531004129843e-09	1.1148846186659623e-08	1.5412548549579094e-09	['A']	LILI	395001654
0.999993115424806	6.861985817991293e-06	4.1678758457225736e-09	2.0402241024728639e-10	1.1632299829102099e-08	5.145718469316688e-09	1.4394594464772402e-09	['A']	MAG	400256567
0.9999742510845259	2.5648554786906467e-05	1.2963282903834273e-08	5.304289208638745e-10	3.144339199013938e-08	4.810588077473408e-08	7.317702744731438e-09	['A']	DTM	403066520
0.9999898948001207	9.986632356802103e-06	1.1512743898404712e-08	5.369358508844568e-10	8.28332483392116e-08	1.4731943909911726e-08	8.952650375255228e-09	['A']	LILI	404474390
0.9797706788335007	0.020214058505340356	5.89458138410908e-07	4.6661974567767405e-08	1.1371541352086876e-05	2.515830824319495e-06	7.391688696236911e-07	['A']	EUDI	404474503
0.00030346835535576797	0.9990638428255473	6.410902002448196e-07	2.5687880836082426e-07	0.0005624858650633245	4.0365964952866916e-05	2.8939020072410502e-05	['B23']	EUDI	404474590
0.01882357536864829	0.980568795968446	4.232656310126888e-06	7.251505442099401e-07	0.00043021479350939865	0.00014110375593235513	3.13523066096424e-05	['B23']	EUDI	408830224
0.027857428860312755	0.9714707502185383	5.23126770463659e-06	8.450594753794915e-07	0.0004672926904124401	0.00016144500088071805	3.7006902675571935e-05	['B23']	EUDI	408830302
1.2442069878117922e-07	0.999551220505208	1.6986061527855104e-07	9.145622409032785e-08	0.00010032844371792835	5.000222457842585e-06	0.00034306509107813867	['B23']	CPH	409052464
0.9999884559359635	1.1449197571815762e-05	7.1169838611560476e-09	3.7677530212810955e-10	7.510674095900093e-08	7.4342825946447745e-09	4.831681856828551e-09	['A']	LILI	426406618
0.9999825588299983	1.7306978592624598e-05	8.837945746821257e-09	4.828707663595408e-10	1.0869024102394488e-07	9.754780381868077e-09	6.425570703388618e-09	['A']	LILI	427436954
0.9999825588299983	1.7306978592624598e-05	8.837945746821257e-09	4.828707663595408e-10	1.0869024102394488e-07	9.754780381868077e-09	6.425570703388618e-09	['A']	LILI	427437051
0.9999825588299983	1.7306978592624598e-05	8.837945746821257e-09	4.828707663595408e-10	1.0869024102394488e-07	9.754780381868077e-09	6.425570703388618e-09	['A']	LILI	427437197
0.038241267075333325	0.9613816331784958	2.3383734628484755e-06	4.289212285192307e-07	0.00031553598976669117	4.7183186979956954e-05	1.1613274732802106e-05	['B23']	EUDI	428697178
0.038241267075333325	0.9613816331784958	2.3383734628484755e-06	4.289212285192307e-07	0.00031553598976669117	4.7183186979956954e-05	1.1613274732802106e-05	['B23']	EUDI	428697264
0.0006099364778533789	0.998411478935106	5.966360052514397e-07	2.5820926014699685e-07	0.0009267000278674871	2.9703598949865592e-05	2.132611495785182e-05	['B23']	EUDI	428697583
0.0021698646194253865	0.996813014955709	9.252564635822945e-07	3.4519957675929165e-07	0.0009665800507034029	3.292968795319521e-05	1.634023016895338e-05	['B23']	WRTMSS	428697659
0.999993430781294	5.734185879552531e-06	9.783451872869678e-08	2.901695813622704e-10	2.5048451243367163e-10	7.360771611130957e-07	5.804924371407593e-10	['A']	EUG	429330004
0.9693014337487806	0.0302215420431699	6.0759384792252736e-06	5.549078964099363e-07	0.00041606908162228394	2.494337528887344e-05	2.9380904762738603e-05	['A']	DTM	435856116
0.9995966094824339	0.0004029383180608435	3.9734606244236536e-08	2.4264062729194982e-09	2.801909958611645e-07	1.0627690895607347e-07	2.3570587819047846e-08	['A']	EUDI	435856351
0.9997780417156495	0.0002132471850619329	6.91438941719398e-07	5.987718244310085e-09	3.310191821257401e-08	7.928943386000094e-06	5.162732441290674e-08	['A']	EUG	440801917
5.123770592497493e-05	0.9995445964071367	4.2765616679684807e-07	1.919902153017605e-07	0.0003078926626909415	4.8591954421773855e-05	4.706162344322937e-05	['B23']	EUDI	441403271
0.8225626411791792	0.1773386928519894	1.47452560907045e-06	1.696960556657703e-07	8.687035337993609e-05	7.443623233221654e-06	2.707770553465088e-06	['A']	EUDI	442742942
0.9934050090984003	0.006573383417370799	2.450658522178702e-07	2.4164472647586432e-08	2.0360089750464288e-05	5.260044598389705e-07	4.5215969348256027e-07	['A']	FRN	443267200
0.5059636534111329	0.49374049837438083	3.4461230440744234e-06	4.4631736744294536e-07	0.00025095277506612665	3.12157027504328e-05	9.787296258232672e-06	['A']	EUDI	443267285
0.1458008825270195	0.8541525886708187	1.2585803524845098e-06	1.2992077851030128e-07	2.08914772224861e-05	2.2642828644969144e-05	1.6059951633853376e-06	['B23']	FRN	443329611
0.9977694345383344	0.002228813610049655	9.34126254248233e-08	6.6284569789641104e-09	1.2780564214701936e-06	2.995071701623076e-07	7.424694194605275e-08	['A']	WRTMSS	452118847
0.9999974194129503	2.5744761808287447e-06	1.5455467119231845e-09	7.538505394605628e-11	2.6223275590086785e-09	1.5338630918948764e-09	3.337464424752473e-10	['A']	MAG	452848666
0.999993115424806	6.861985817991293e-06	4.1678758457225736e-09	2.0402241024728639e-10	1.1632299829102099e-08	5.145718469316688e-09	1.4394594464772402e-09	['A']	MAG	452848749
0.999993115424806	6.861985817991293e-06	4.1678758457225736e-09	2.0402241024728639e-10	1.1632299829102099e-08	5.145718469316688e-09	1.4394594464772402e-09	['A']	MAG	452848834
2.3737693449001814e-05	0.9992223836095558	2.177721472492175e-07	1.431950805612097e-07	0.0006802604160383707	2.2593542286813204e-05	5.066377144208333e-05	['B23']	GYMNO	452848919
0.005823149316746086	0.9940116586489753	1.076947080374459e-06	2.2307639208804484e-07	0.0001231091427908714	3.5429793949842694e-05	5.353074065412033e-06	['B23']	EUDI	452849029
0.9999142520103804	8.222669415218229e-05	3.388186137381925e-07	4.828491001104694e-09	6.32722628644676e-08	3.0317058531095604e-06	8.26702464377775e-08	['A']	GYMNO	452849113
0.9999935158863452	6.448885024503635e-06	2.7709837816164873e-09	1.6002484024888506e-10	2.8981107838447045e-08	2.0247359760358648e-09	1.2917780129474826e-09	['A']	LILI	452849461
0.9999735792340411	2.6238944206253066e-05	3.0098916600741644e-08	9.338045778405755e-10	1.704992562893868e-08	1.2470293491057866e-07	9.036170862367837e-09	['A']	GYMNO	456061331
0.9999990001084463	9.974407688134522e-07	5.463021100372598e-10	2.776353734762046e-11	1.3819694203650793e-09	3.869350206324529e-10	1.0781506136716016e-10	['A']	LILI	456061430
0.9999985893853641	1.4026829175034805e-06	8.712304681049789e-10	4.832236165327942e-11	6.2963263672613804e-09	4.3625026178998787e-10	2.7958875387379354e-10	['A']	LILI	456061535
0.9999954017838119	4.5711181064705475e-06	3.567190868596434e-09	1.772153371686246e-10	1.8264444315373944e-08	3.4854916919107934e-09	1.603739225607815e-09	['A']	LILI	456061637
0.9999939234134367	6.03744208761435e-06	4.513449852394638e-09	2.2766287513331996e-10	2.758942866334168e-08	4.533471512714289e-09	2.2804623537599996e-09	['A']	LILI	456061749
0.98902606995918	0.010963902002013682	4.4865237941202863e-07	3.352128005945718e-08	7.066376581394083e-06	1.9452688833251765e-06	5.342196818210499e-07	['A']	LILI	456061865
0.01503838783402248	0.9834216877669247	0.00019592889872591484	3.901912252221904e-06	0.0009775558325955578	0.00016298969378060902	0.00019954806169826655	['B23']	HAP	456061976
0.9999997014466177	2.980949195331169e-07	1.7804199412202588e-10	8.931717762955018e-12	1.6022053773995528e-10	9.484987168394676e-11	1.641875106027298e-11	['A']	LILI	456330871
0.9999793546942624	2.0553458919077386e-05	9.417073858240164e-09	5.013382979766463e-10	6.47413088980551e-08	1.1887276583760082e-08	5.299820915468267e-09	['A']	bMAG	456330969
0.9100283345381595	0.08991113079859404	1.4687407954287705e-06	1.4042157326837823e-07	4.8912857229615676e-05	7.526602685854562e-06	2.486040962336506e-06	['A']	EUDI	459014471
0.9999932998874387	6.447376021389911e-06	4.264658899350967e-08	3.1778561246077607e-10	1.2357350461929535e-09	2.070757295483749e-07	1.4607006035657168e-09	['A']	CPH	459314754
5.123770592497493e-05	0.9995445964071367	4.2765616679684807e-07	1.919902153017605e-07	0.0003078926626909415	4.8591954421773855e-05	4.706162344322937e-05	['B23']	EUDI	470227687
0.9996265710188886	0.00029756064194338684	3.827396965785734e-06	1.970356053627632e-08	1.1280274598826125e-07	7.154453556576412e-05	3.6390032989964544e-07	['A']	RED	471434880
0.004385506432898625	0.9952036511792126	7.741120971711092e-07	2.2548505408371983e-07	0.00038244984883101745	2.087113545294468e-05	6.521806453712282e-06	['B23']	EUDI	482651177
0.0002445411929465716	0.9991388359375836	5.822755632524085e-07	2.416520586674758e-07	0.000547523998415343	3.842533660589573e-05	2.9849606826449755e-05	['B23']	EUDI	484759624
0.9999709151436253	2.7749432712547537e-05	1.7970681536947627e-07	4.638240128601202e-09	1.4684566308822185e-07	8.057939366972237e-07	1.9843900697512608e-07	['A']	CPH	484759769
0.9996408543534627	0.00035743836212257744	1.7347230101103495e-07	2.294688047868453e-09	8.95832775129483e-09	1.515831966468269e-06	6.727131673110663e-09	['A']	EUG	498662898
0.1415037092410326	0.027694268207200248	0.005374265366426308	0.00033524691695249303	0.6025847433013082	0.006975386848415998	0.21553238011866407	['E']	RED	501000113
0.9894441712464261	0.010549673721564994	3.02223783370169e-07	2.2966932496316783e-08	4.249067667208344e-06	1.2921625560983138e-06	2.8861106976161275e-07	['A']	EUDI	501594910
0.001309457513305403	0.9984098894695388	2.133123576339606e-06	3.485235867678315e-07	7.537676322955728e-05	0.00018497026755737308	1.7824339205491702e-05	['B23']	GYMNO	501595032
0.9649436404891077	0.03504037780486718	8.703316887624978e-07	6.529516528974687e-08	8.734884973915145e-06	5.397243232462181e-06	9.139509644476305e-07	['A']	EUDI	501595124
0.7847521492625611	0.21374861179104923	0.00031530408175659344	5.22896679600912e-06	0.0004369163478268208	0.0005248819523679746	0.00021690759764213377	['A']	RED	501673126
0.9997578356846615	0.0002419398846866338	2.862086790597267e-08	1.5972999836256461e-09	8.132400702374987e-08	1.0096827380701302e-07	1.1920203240406157e-08	['A']	EUDI	501770833
0.9999966026981133	3.3891867871816273e-06	2.4101118270995736e-09	7.9859433081396e-11	8.152267187471959e-10	4.565796829530242e-09	2.441046796555875e-10	['A']	LILI	511347561
0.08501589713827304	0.9147024217261247	1.8384936354800237e-06	3.284354861975633e-07	0.00024838601768001464	2.464547148785449e-05	6.4827173127050625e-06	['B23']	EUDI	511348314
0.9999947559813077	5.216132169283391e-06	3.5143619313424392e-09	1.806566456214089e-10	1.9529432518596065e-08	3.135086352107724e-09	1.526985630948534e-09	['A']	EUDI	511348416
0.9999988590777039	1.138561986703244e-06	5.885560846373795e-10	3.07353739403992e-11	1.2539505582736908e-09	3.849265551361647e-10	1.0214074654614884e-10	['A']	EUDI	511348509
0.9999896991839513	1.0271292431598553e-05	5.92368692491538e-09	2.793161420425047e-10	1.0368545178803173e-08	1.1037086344515353e-08	1.9149826394261576e-09	['A']	LILI	511943334
0.9999896991839513	1.0271292431598553e-05	5.92368692491538e-09	2.793161420425047e-10	1.0368545178803173e-08	1.1037086344515353e-08	1.9149826394261576e-09	['A']	LILI	511943447
0.9999906785141599	9.295702933102445e-06	5.2087417450885565e-09	2.4906427886816107e-10	9.762185116716802e-09	8.915331994854415e-09	1.6475840207368024e-09	['A']	LILI	511943548
0.9770104874222071	0.022975379912462148	5.221183109010491e-07	4.272204233588805e-08	1.0830138804325004e-05	2.125826434206654e-06	6.118597389906479e-07	['A']	EUDI	511943653
0.4545172749936888	0.4659291566967163	0.0005639009163179696	4.146300817121596e-05	0.056865987623630807	0.0026546180826745934	0.019427598678800357	['B23']	RED	51209843
0.9999902572595688	9.713256857445005e-06	6.115721260599215e-09	2.796120140898806e-10	8.922922847035695e-09	1.2250245810605922e-08	1.9150717803312012e-09	['A']	LILI	512721395
0.987401070659662	0.01257168272058265	1.6627351434614452e-06	9.694071956276433e-08	9.331403754114436e-06	1.359558406868818e-05	2.559956069308959e-06	['A']	GYMNO	512721474
0.9999867676195924	1.3202055942143704e-05	4.426716747747304e-09	2.3324233362564936e-10	1.752594759149736e-08	6.495517478999529e-09	1.6430412522160067e-09	['A']	GYMNO	512721557
0.9999998524859521	1.4580411339066132e-07	6.087088018109704e-10	2.186796363217362e-11	4.727180889670551e-10	4.795021502806012e-10	1.2713746989510346e-10	['A']	GYMNO	512721623
0.9999998929352761	1.0500966291691114e-07	9.906115214445985e-10	1.7685574242906915e-11	1.3473935757270232e-10	8.519301640734306e-10	6.009435942374126e-11	['A']	GYMNO	512721697
0.999512463755914	0.00047481406434377526	9.435452268352317e-07	8.981576700088804e-09	4.844306775367855e-08	1.1652483182526316e-05	6.872668842767605e-08	['A']	GYMNO	512721770
0.9928985899178993	0.007098162081713502	2.5458681163404496e-07	1.6026054635022283e-08	8.55666421196728e-07	1.9712874434609663e-06	1.5043365644200086e-07	['A']	EUDI	519704483
0.4405210997917359	0.5578047534000192	3.131514553168692e-05	1.023079823085452e-06	4.0648921899063925e-05	0.0015674262056690695	3.373345532183501e-05	['B23']	RED	519704831
0.9999919564768242	8.020776610743863e-06	4.890385750956325e-09	2.2669415176752393e-10	7.233883839460213e-09	8.963336831869369e-09	1.4322642535624509e-09	['A']	LILI	520850484
0.9843736235427794	0.01561614516817767	4.225574357730296e-07	3.337833810551889e-08	7.591096771147618e-06	1.7179252771830843e-06	4.663312207050136e-07	['A']	EUDI	520850563
0.04018436865119941	0.042218845527351216	0.000338945590038825	0.00010029967097720645	0.9136379754938769	4.771256740228301e-05	0.00347185249915421	['E']	HAP	520850646
0.07162339398549479	0.013787116563232551	0.0003543925262406491	8.796647145006068e-05	0.910872758546423	2.6074522552521603e-05	0.0032482973846064906	['E']	HAP	523420608
0.9999996166552259	3.7595633247349885e-07	2.041124312567654e-09	6.974388267614216e-11	2.291055230927885e-09	2.2463025870426264e-09	7.402158950438065e-10	['A']	GYMNO	523420621
0.9999996007950657	3.9613009301278713e-07	7.109303434540038e-10	3.141347077160692e-11	1.745729482098502e-09	3.998478335583287e-10	1.8692019883578873e-10	['A']	LILI	525778484
0.9999999453292042	5.454158492376917e-08	7.019655939259088e-11	2.4842514885858617e-12	1.9680275151656554e-11	3.33115588846828e-11	3.5382354009307133e-12	['A']	LILI	525782195
0.9999996007950657	3.9613009301278713e-07	7.109303434540038e-10	3.141347077160692e-11	1.745729482098502e-09	3.998478335583287e-10	1.8692019883578873e-10	['A']	LILI	525782274
0.9999688856971332	3.10842332990533e-05	5.775108714169952e-09	3.158635021182042e-10	1.0845288642323806e-08	1.1693642718562784e-08	1.4396639368949112e-09	['A']	EUDI	526175872
0.9999240532705016	7.585361028960776e-05	1.4104177410032542e-08	7.648719600167656e-10	3.6286641482603646e-08	3.684492753810577e-08	5.118590178811586e-09	['A']	EUDI	526175959
0.9843736235427794	0.01561614516817767	4.225574357730296e-07	3.337833810551889e-08	7.591096771147618e-06	1.7179252771830843e-06	4.663312207050136e-07	['A']	EUDI	526176043
0.9843736235427794	0.01561614516817767	4.225574357730296e-07	3.337833810551889e-08	7.591096771147618e-06	1.7179252771830843e-06	4.663312207050136e-07	['A']	EUDI	526176130
0.9843736235427794	0.01561614516817767	4.225574357730296e-07	3.337833810551889e-08	7.591096771147618e-06	1.7179252771830843e-06	4.663312207050136e-07	['A']	EUDI	526176217
0.9843736235427794	0.01561614516817767	4.225574357730296e-07	3.337833810551889e-08	7.591096771147618e-06	1.7179252771830843e-06	4.663312207050136e-07	['A']	EUDI	526176311
0.8130317316221488	0.1869055990424652	2.2302773266758863e-06	1.987443387132855e-07	4.06159777660054e-05	1.6438981155929856e-05	3.1853547984300155e-06	['A']	LILI	529249719
0.9999996007950657	3.9613009301278713e-07	7.109303434540038e-10	3.141347077160692e-11	1.745729482098502e-09	3.998478335583287e-10	1.8692019883578873e-10	['A']	LILI	533310084
0.9999996007950657	3.9613009301278713e-07	7.109303434540038e-10	3.141347077160692e-11	1.745729482098502e-09	3.998478335583287e-10	1.8692019883578873e-10	['A']	LILI	533310181
0.028441075228876945	0.9341607236659185	7.818244956600297e-06	4.745730536415746e-06	0.03712952914012375	0.0001456275080561097	0.00011048048153164478	['B23']	FRN	533310270
0.9998634186266329	0.00013561875819831669	2.3846196381976565e-08	1.6503987415973432e-09	8.841766361426173e-07	2.6943685469928643e-08	2.5998252336277758e-08	['A']	FRN	542687235
0.6707737098766303	0.32732097887643075	2.45129158639867e-05	2.5010903404297047e-06	0.0017086159804088879	5.506816910626155e-05	0.00011461309121932756	['A']	DTM	542687661
0.9767161309491961	2.3864563181940848e-05	5.687982725712294e-05	9.888414501764827e-06	0.023143046018883028	8.953022075055525e-08	5.010069675916152e-05	['A']	DTM	542687811
0.9885827766773474	0.011388192087821731	1.3709702599043871e-06	7.652342171360966e-08	1.3901777101573716e-05	1.0809457727782502e-05	2.8725063197669966e-06	['A']	DTM	542687962
0.998293757028998	0.0017047863458127643	8.87782183790029e-08	6.1973515827941515e-09	1.0415442774787275e-06	2.544633383521069e-07	6.564200338799686e-08	['A']	EUDI	542688107
0.9990815620842769	0.0009151769590764225	2.4530094052051633e-07	1.1212534324287442e-08	1.0992263450903877e-06	1.5987118658148777e-06	3.065049606942438e-07	['A']	DTM	543132528
0.9802969763986127	0.019686722364297173	5.666454679268392e-07	4.5884141503478334e-08	1.2755101785893642e-05	2.1992214626050667e-06	7.343842321029349e-07	['A']	EUDI	544163592
0.9994132221642436	0.0005860353119062942	6.871714410010152e-08	4.030806479289572e-09	4.0320298345342513e-07	2.2108995343987103e-07	4.548296270539699e-08	['A']	EUDI	545716224
0.9994132221642436	0.0005860353119062942	6.871714410010152e-08	4.030806479289572e-09	4.0320298345342513e-07	2.2108995343987103e-07	4.548296270539699e-08	['A']	EUDI	545716310
0.9994132221642436	0.0005860353119062942	6.871714410010152e-08	4.030806479289572e-09	4.0320298345342513e-07	2.2108995343987103e-07	4.548296270539699e-08	['A']	EUDI	545716396
0.9994132221642436	0.0005860353119062942	6.871714410010152e-08	4.030806479289572e-09	4.0320298345342513e-07	2.2108995343987103e-07	4.548296270539699e-08	['A']	EUDI	545716482
0.9994132221642436	0.0005860353119062942	6.871714410010152e-08	4.030806479289572e-09	4.0320298345342513e-07	2.2108995343987103e-07	4.548296270539699e-08	['A']	EUDI	545716568
0.9994132221642436	0.0005860353119062942	6.871714410010152e-08	4.030806479289572e-09	4.0320298345342513e-07	2.2108995343987103e-07	4.548296270539699e-08	['A']	EUDI	545716654
0.9994132221642436	0.0005860353119062942	6.871714410010152e-08	4.030806479289572e-09	4.0320298345342513e-07	2.2108995343987103e-07	4.548296270539699e-08	['A']	EUDI	545716740
0.9994132221642436	0.0005860353119062942	6.871714410010152e-08	4.030806479289572e-09	4.0320298345342513e-07	2.2108995343987103e-07	4.548296270539699e-08	['A']	EUDI	545716826
0.9994132221642436	0.0005860353119062942	6.871714410010152e-08	4.030806479289572e-09	4.0320298345342513e-07	2.2108995343987103e-07	4.548296270539699e-08	['A']	EUDI	545716912
0.9994132221642436	0.0005860353119062942	6.871714410010152e-08	4.030806479289572e-09	4.0320298345342513e-07	2.2108995343987103e-07	4.548296270539699e-08	['A']	EUDI	545716998
0.9994132221642436	0.0005860353119062942	6.871714410010152e-08	4.030806479289572e-09	4.0320298345342513e-07	2.2108995343987103e-07	4.548296270539699e-08	['A']	EUDI	545717084
0.9770104874222071	0.022975379912462148	5.221183109010491e-07	4.272204233588805e-08	1.0830138804325004e-05	2.125826434206654e-06	6.118597389906479e-07	['A']	EUDI	545717170
0.969871452144756	0.030112093916484402	5.67430503703004e-07	4.790700336379757e-08	1.2810510514625016e-05	2.3572307098394067e-06	6.708600281129894e-07	['A']	EUDI	545717256
0.9770104874222071	0.022975379912462148	5.221183109010491e-07	4.272204233588805e-08	1.0830138804325004e-05	2.125826434206654e-06	6.118597389906479e-07	['A']	EUDI	545717342
0.9770104874222071	0.022975379912462148	5.221183109010491e-07	4.272204233588805e-08	1.0830138804325004e-05	2.125826434206654e-06	6.118597389906479e-07	['A']	EUDI	545717428
0.999850041763822	0.00014974881135983964	2.383958971466002e-08	1.3535161548470525e-09	1.1149048875866701e-07	6.076636385252958e-08	1.1974859797803125e-08	['A']	EUDI	545717514
0.9770104874222071	0.022975379912462148	5.221183109010491e-07	4.272204233588805e-08	1.0830138804325004e-05	2.125826434206654e-06	6.118597389906479e-07	['A']	EUDI	545717600
0.9770104874222071	0.022975379912462148	5.221183109010491e-07	4.272204233588805e-08	1.0830138804325004e-05	2.125826434206654e-06	6.118597389906479e-07	['A']	EUDI	545717686
0.9770104874222071	0.022975379912462148	5.221183109010491e-07	4.272204233588805e-08	1.0830138804325004e-05	2.125826434206654e-06	6.118597389906479e-07	['A']	EUDI	545717772
0.9770104874222071	0.022975379912462148	5.221183109010491e-07	4.272204233588805e-08	1.0830138804325004e-05	2.125826434206654e-06	6.118597389906479e-07	['A']	EUDI	545717858
0.9770104874222071	0.022975379912462148	5.221183109010491e-07	4.272204233588805e-08	1.0830138804325004e-05	2.125826434206654e-06	6.118597389906479e-07	['A']	EUDI	545717944
0.9999031117536877	9.667135257307287e-05	2.4080596424399293e-08	1.305088901506423e-09	1.2257433401307013e-07	5.5109536881599633e-08	1.3824182905615998e-08	['A']	EUDI	545718030
0.9770104874222071	0.022975379912462148	5.221183109010491e-07	4.272204233588805e-08	1.0830138804325004e-05	2.125826434206654e-06	6.118597389906479e-07	['A']	EUDI	545718116
0.9770104874222071	0.022975379912462148	5.221183109010491e-07	4.272204233588805e-08	1.0830138804325004e-05	2.125826434206654e-06	6.118597389906479e-07	['A']	EUDI	545718202
0.9770104874222071	0.022975379912462148	5.221183109010491e-07	4.272204233588805e-08	1.0830138804325004e-05	2.125826434206654e-06	6.118597389906479e-07	['A']	EUDI	545718288
0.9770104874222071	0.022975379912462148	5.221183109010491e-07	4.272204233588805e-08	1.0830138804325004e-05	2.125826434206654e-06	6.118597389906479e-07	['A']	EUDI	545718374
0.9770104874222071	0.022975379912462148	5.221183109010491e-07	4.272204233588805e-08	1.0830138804325004e-05	2.125826434206654e-06	6.118597389906479e-07	['A']	EUDI	545718460
0.9770104874222071	0.022975379912462148	5.221183109010491e-07	4.272204233588805e-08	1.0830138804325004e-05	2.125826434206654e-06	6.118597389906479e-07	['A']	EUDI	545718546
0.9652719182894179	0.03471269207255071	5.779642286937255e-07	4.855096720427259e-08	1.1507753386253577e-05	2.6135705854995116e-06	6.417988637388522e-07	['A']	EUDI	545718632
0.9999138915230781	8.599021793437902e-05	1.8266869962055663e-08	9.427246848424584e-10	3.585863549221121e-08	5.652851826424114e-08	6.662239297719942e-09	['A']	EUDI	545718718
0.9770104874222071	0.022975379912462148	5.221183109010491e-07	4.272204233588805e-08	1.0830138804325004e-05	2.125826434206654e-06	6.118597389906479e-07	['A']	EUDI	545718804
0.9770104874222071	0.022975379912462148	5.221183109010491e-07	4.272204233588805e-08	1.0830138804325004e-05	2.125826434206654e-06	6.118597389906479e-07	['A']	EUDI	545718890
0.9770104874222071	0.022975379912462148	5.221183109010491e-07	4.272204233588805e-08	1.0830138804325004e-05	2.125826434206654e-06	6.118597389906479e-07	['A']	EUDI	545718976
0.9770104874222071	0.022975379912462148	5.221183109010491e-07	4.272204233588805e-08	1.0830138804325004e-05	2.125826434206654e-06	6.118597389906479e-07	['A']	EUDI	545719062
0.9770104874222071	0.022975379912462148	5.221183109010491e-07	4.272204233588805e-08	1.0830138804325004e-05	2.125826434206654e-06	6.118597389906479e-07	['A']	EUDI	545719148
0.9999293451860615	7.057538005509104e-05	1.388304267654341e-08	7.113385341888707e-10	1.7710862776888095e-08	4.3275591859928265e-08	3.8530474929008805e-09	['A']	EUDI	545719234
0.933507438038861	0.06638866874289674	1.5076520777472684e-06	1.6265825591849854e-07	9.201068145161391e-05	6.733667489769934e-06	3.478558967224123e-06	['A']	EUDI	545719320
0.9909908136730453	0.009004012944719994	3.45844810272471e-07	2.388525792758611e-08	2.7819894249875527e-06	1.7269202025936474e-06	2.947425388583562e-07	['A']	EUDI	545719406
0.6707737098766303	0.32732097887643075	2.45129158639867e-05	2.5010903404297047e-06	0.0017086159804088879	5.506816910626155e-05	0.00011461309121932756	['A']	DTM	545907039
0.9786848458052951	0.02128945524110342	7.131533201915611e-07	5.957842330093436e-08	2.128285925800344e-05	2.5280724640445044e-06	1.115290136087102e-06	['A']	EUDI	545907171
0.9999988246921212	1.1724338698346224e-06	6.713369187603294e-10	3.4545043503481614e-11	1.5735667931074578e-09	4.6410033400521913e-10	1.3045997505918917e-10	['A']	LILI	546138038
0.9996005046603177	0.00039904392949858267	4.202260012255717e-08	2.5183301873056496e-09	2.643177436351281e-07	1.1792790830369737e-07	2.4623601161417108e-08	['A']	EUDI	552539581
0.9996005046603177	0.00039904392949858267	4.202260012255717e-08	2.5183301873056496e-09	2.643177436351281e-07	1.1792790830369737e-07	2.4623601161417108e-08	['A']	EUDI	552540830
0.9996005046603177	0.00039904392949858267	4.202260012255717e-08	2.5183301873056496e-09	2.643177436351281e-07	1.1792790830369737e-07	2.4623601161417108e-08	['A']	EUDI	552540923
0.765702009863126	0.2341513586700646	1.7899464682712602e-06	2.2221657137838332e-07	0.00013154073395676714	9.361401320487761e-06	3.717168492602174e-06	['A']	EUDI	552541017
0.9999551541036066	4.464329304881808e-05	2.143562018586347e-08	1.0767659006591417e-09	1.2407752087656127e-07	4.127912101063325e-08	1.4734316332574073e-08	['A']	EUDI	552546068
0.9996005046603177	0.00039904392949858267	4.202260012255717e-08	2.5183301873056496e-09	2.643177436351281e-07	1.1792790830369737e-07	2.4623601161417108e-08	['A']	EUDI	552546176
0.9999944577349261	5.505671817692512e-06	2.7080107541964497e-09	1.543685964324679e-10	3.0492823068014986e-08	1.8997881012770005e-09	1.3382656802237943e-09	['A']	LILI	556927061
0.0018097278020657952	0.9975143853063518	8.198546354783744e-07	2.8673538559617787e-07	0.000630864949089308	3.0015681717784193e-05	1.3899670754154622e-05	['B23']	EUDI	558602891
0.0018097278020657952	0.9975143853063518	8.198546354783744e-07	2.8673538559617787e-07	0.000630864949089308	3.0015681717784193e-05	1.3899670754154622e-05	['B23']	EUDI	558602979
0.0018097278020657952	0.9975143853063518	8.198546354783744e-07	2.8673538559617787e-07	0.000630864949089308	3.0015681717784193e-05	1.3899670754154622e-05	['B23']	EUDI	558603067
0.9999994913401136	5.078203117601533e-07	2.6265089270654975e-10	1.3598491143283785e-11	3.8037474306172857e-10	1.5097555906897526e-10	3.197502709322617e-11	['A']	LILI	558603649
0.6788600153865707	0.32094564948665655	2.061210334911099e-06	2.717209869241007e-07	0.00017469014482398754	1.257128166053343e-05	4.740768966463365e-06	['A']	EUDI	558603845
0.9997559240586513	0.00024372052128495618	4.164267119141079e-08	2.223238087036574e-09	1.4291169654555617e-07	1.462459613237825e-07	2.2396496418270478e-08	['A']	EUDI	558604116
