A	B23	C1	C3	E	F	G	predicted	Clade	ID
0.39965171939221	0.04204828448874785	1.8681490610255616e-09	1.545735685211463e-10	0.5569116658328083	0.000821850625789412	0.0005664776377218103	['E']	all_ANABAENA_SP_PCC_7108_id.fas.out:LCV	ANABAENA_SP_PCC_7108
0.5435969111507307	1.0168173885703296e-06	7.439626230616364e-05	0.0005009604087885281	3.3192393392647034e-05	0.025365320868673283	0.4304282020987202	['A']	all_Anabaena_90_uid179383_id.fas.out:LCV	Anabaena_90_uid179383
0.11224554167017321	0.88509582632157	2.228748379149544e-15	2.4115677726669907e-15	0.0024603062097481574	0.0001983146303518726	1.1168152302355076e-08	['B23']	all_Anabaena_cylindrica_PCC_7122_uid183339_id.fas.out:LCV	Anabaena_cylindrica_PCC_7122_uid183339
0.0037725207263007636	5.762798382709266e-12	6.174716169403615e-06	6.085336233032993e-10	0.000252836965184695	1.3954659534328651e-08	0.9959684530233891	['G']	all_Anabaena_variabilis_ATCC_29413_id.fas.out:LCV	Anabaena_variabilis_ATCC_29413
0.0001497566400422264	0.9971081444403848	3.688803685234377e-17	8.100413260210873e-17	0.0027345560408730905	7.542797497309427e-06	8.120238612422633e-11	['B23']	all_CALOTHRIX_SP_PCC_7103_id.fas.out:LCV	CALOTHRIX_SP_PCC_7103
0.9688281446513776	7.366831129628881e-09	4.517547753814248e-07	6.610533485305506e-08	1.0880932933137918e-06	9.125339772650143e-05	0.031078988630661046	['A']	all_CYANOBACTERIUM_PCC_7702_id.fas.out:LCV	CYANOBACTERIUM_PCC_7702
0.9436239316720398	1.8038509440237888e-05	1.8810499337245527e-05	3.168162977390189e-07	0.0009342229163048686	0.0003094411814078653	0.0550952384051725	['A']	all_Calothrix_PCC_6303_uid183109_id.fas.out:LCV	Calothrix_PCC_6303_uid183109
1.2726705734639763e-06	0.9999986132424752	1.8608044425805007e-25	1.1739842532540954e-23	3.518436913463114e-09	1.1056851451055492e-07	7.707286076710574e-19	['B23']	all_Calothrix_PCC_7507_uid182930_id.fas.out:LCV	Calothrix_PCC_7507_uid182930
2.1978365334771703e-06	0.9999378716105307	4.4603682384441346e-17	1.365977372791222e-15	6.606287480208265e-07	5.926992414769867e-05	3.8605184294297266e-14	['B23']	all_Chroococcidiopsis_thermalis_PCC_7203_uid183002_id.fas.out:LCV	Chroococcidiopsis_thermalis_PCC_7203_uid183002
1.0279045366006606e-06	0.9999753635120859	5.745195241771628e-16	3.4519381701851604e-15	1.855000923184644e-05	5.0585733445477966e-06	7.967699972269038e-13	['B23']	all_Cylindrospermopsis_raciborskii_CS-505_id.fas.out:LCV	Cylindrospermopsis_raciborskii_CS-505
0.014679277934027483	0.12635491384488198	3.2802387821195634e-10	1.3089769648768197e-07	1.5136578397856008e-05	0.8589501805127705	3.599042019273218e-07	['F']	all_FISCHERELLA_SP_JSC-11_id.fas.out:LCV	FISCHERELLA_SP_JSC-11
0.9994916988383027	4.983892308054355e-07	1.0828300641735726e-08	7.298197140066139e-10	1.6682928923902944e-06	4.302670455216033e-05	0.0004630962169016132	['A']	all_FISCHERELLA_SP_PCC_9339_id.fas.out:LCV	FISCHERELLA_SP_PCC_9339
3.1130693095656217e-09	0.9999966509650496	4.46256585656356e-28	3.2973207672379473e-24	9.820686735849715e-11	3.345823674084591e-06	2.8072786269287694e-22	['B23']	all_FISCHERELLA_SP_PCC_9431_id.fas.out:LCV	FISCHERELLA_SP_PCC_9431
5.225429834177681e-07	0.999979972924484	8.169017849976181e-19	3.4121783563622015e-17	1.3951211498581276e-07	1.9365020416421898e-05	1.0696672776337801e-15	['B23']	all_FISCHERELLA_SP_PCC_9605_id.fas.out:LCV	FISCHERELLA_SP_PCC_9605
0.4272649169237373	0.5720356274963868	2.7390408316189107e-14	3.9241944289093984e-14	0.00016444380189191435	0.0005349961158980863	1.5662019289136107e-08	['B23']	all_Gloeocapsa_PCC_7428_uid183112_id.fas.out:LCV	Gloeocapsa_PCC_7428_uid183112
0.9836102419982632	0.0005372766960716908	3.1182887864253586e-09	3.838916867004988e-08	3.4142550444795295e-06	0.015800448844648134	4.857669851524089e-05	['A']	all_MASTIGOCLADOPSIS_REPENS_PCC_10914_id.fas.out:LCV	MASTIGOCLADOPSIS_REPENS_PCC_10914
4.2697990306808515e-08	0.999999919898958	1.1029538639440037e-25	6.962156497929961e-24	7.331287387592633e-09	3.007176425506142e-08	1.5202571342590052e-19	['B23']	all_MICROCHAETE_SP_PCC_7126_id.fas.out:LCV	MICROCHAETE_SP_PCC_7126
0.9721587271873011	0.0002963287061027537	9.108138650119925e-07	2.951847925563753e-08	0.011700484871120935	0.0005318149404270348	0.015311703962704084	['A']	all_NOSTOC_AZOLLAE_0708_id.fas.out:LCV	NOSTOC_AZOLLAE_0708
0.004651532881967869	1.6420148350592895e-11	1.292242721586686e-05	1.7610576100939897e-09	0.0002750522461339694	3.026272447679543e-08	0.99506046040448	['G']	all_Nodularia_spumigena_CCY9414_id.fas.out:LCV	Nodularia_spumigena_CCY9414
0.0030266953676939203	0.4977557476875361	1.122066443646183e-13	3.860771530038588e-14	0.49916147053828097	5.583753541882518e-05	2.4887091955062126e-07	['E']	all_Nostoc_PCC_7107_uid182932_id.fas.out:LCV	Nostoc_PCC_7107_uid182932
0.0011139588966876982	3.9180774963057574e-09	1.2463500403311745e-08	3.696800668372992e-12	0.8591973349370373	2.994420405265844e-08	0.1396886598367963	['E']	all_Nostoc_PCC_7524_uid182933_id.fas.out:LCV	Nostoc_PCC_7524_uid182933
0.005098557831503392	0.9948826034703291	1.334717109669114e-19	1.5292716591282093e-18	9.367057317900358e-07	1.7901991885036518e-05	5.506718456298815e-13	['B23']	all_Nostoc_punctiforme_PCC_73102_id.fas.out:LCV	Nostoc_punctiforme_PCC_73102
0.0036826591341909743	4.535286979307056e-12	4.964294620616942e-06	4.486464120311838e-10	0.00025490072193065275	1.1582458485131829e-08	0.9960574638136176	['G']	all_Nostoc_sp._PCC_7120_id.fas.out:LCV	Nostoc_sp._PCC_7120
8.349608227969595e-07	0.9999803907247092	4.089130699932759e-16	2.3583627248646727e-15	1.4257590291883969e-05	4.5167237010642e-06	4.722437419857864e-13	['B23']	all_Raphidiopsis_brookii_D9_id.fas.out:LCV	Raphidiopsis_brookii_D9
0.002302477480043721	0.0013421481193243586	5.889853900085451e-09	1.4387786698944281e-05	2.6919309236186433e-06	0.9963346514441402	3.6373490151236083e-06	['F']	all_Rivularia_PCC_7116_uid182929_id.fas.out:LCV	Rivularia_PCC_7116_uid182929
0.9417154549341966	0.05224426385364513	3.991841832791896e-08	1.499501837451911e-08	0.001167520327705298	0.004761319153787849	0.00011138681722828523	['A']	all_SYNECHOCYSTIS_SP_PCC_7509_id.fas.out:LCV	SYNECHOCYSTIS_SP_PCC_7509
0.010802250126732596	0.9883921503147389	4.908253182602817e-17	9.476787277963884e-17	0.000762687076704709	4.29121280174119e-05	3.538063047278325e-10	['B23']	all_TOLYPOTHRIX_SP_PC_9009_id.fas.out:LCV	TOLYPOTHRIX_SP_PC_9009
3.1130693095656217e-09	0.9999966509650496	4.46256585656356e-28	3.2973207672379473e-24	9.820686735849715e-11	3.345823674084591e-06	2.8072786269287694e-22	['B23']	all_FISCHERELLA_SP_PCC_9431_id.fas.out:LCV	FISCHERELLA_SP_PCC_9431_0
0.9436239316720398	1.8038509440237888e-05	1.8810499337245527e-05	3.168162977390189e-07	0.0009342229163048686	0.0003094411814078653	0.0550952384051725	['A']	all_Calothrix_PCC_6303_uid183109_id.fas.out:LCV	Calothrix_PCC_6303_uid183109_1
0.9688281446513776	7.366831129628881e-09	4.517547753814248e-07	6.610533485305506e-08	1.0880932933137918e-06	9.125339772650143e-05	0.031078988630661046	['A']	all_CYANOBACTERIUM_PCC_7702_id.fas.out:LCV	CYANOBACTERIUM_PCC_7702_2
