A	B1	B23	C3	E	F	G	predicted	Clade	ID
0.031638595283329976	0.00661924672097945	9.685375765072601e-07	0.015399026628301258	0.0019160390951315249	0.003706009886588067	0.9407201138480933	['G']	all_Cyanobium_gracile_PCC_6307_uid182931_id.fas.out:LCV	Cyanobium_gracile_PCC_6307_uid182931
0.08295079461573143	0.00047916693798202517	1.920366116797089e-05	0.0628426055004346	0.14159967560450748	0.0011312957522937488	0.7109772579278827	['G']	all_Cyanobium_sp._PCC_7001_id.fas.out:LCV	Cyanobium_sp._PCC_7001
0.0007159225327120246	7.044992677318885e-05	4.7844491041832265e-06	0.04057274382457383	0.09362058436543333	0.0007168024486088342	0.8642987124527947	['G']	all_Prochlorococcus_marinus_str._AS9601_id.fas.out:LCV	Prochlorococcus_marinus_str._AS9601
0.0018754893278800035	0.00016312449902129163	8.195443408879365e-05	0.13339587924745405	0.3246492403075994	0.0017363482426384603	0.538097963941318	['G']	all_Prochlorococcus_marinus_str._MIT_9202_id.fas.out:LCV	Prochlorococcus_marinus_str._MIT_9202
0.0052068140051621204	0.0001722225281935074	0.00015019929827275752	0.015752238114527677	0.0036167098884095895	0.009715077904213304	0.965386738261221	['G']	all_Prochlorococcus_marinus_str._MIT_9211_id.fas.out:LCV	Prochlorococcus_marinus_str._MIT_9211
0.02537673440669845	0.00044209706732170086	0.0005096068657995765	0.1320881339828942	0.2941829487183651	0.007109513719162142	0.5402909652397587	['G']	all_Prochlorococcus_marinus_str._MIT_9215_id.fas.out:LCV	Prochlorococcus_marinus_str._MIT_9215
0.001134404142836291	6.570935534669298e-05	2.5010897706907994e-06	0.01775730482020712	0.010315669169354927	0.0013012762365314896	0.9694231351859527	['G']	all_Prochlorococcus_marinus_str._MIT_9301_id.fas.out:LCV	Prochlorococcus_marinus_str._MIT_9301
0.002195383820740644	0.004911068831257774	0.00014280223013685985	0.017209352208808266	0.0003902554608553844	0.19261114321954162	0.7825399942286595	['G']	all_Prochlorococcus_marinus_str._MIT_9303_id.fas.out:LCV	Prochlorococcus_marinus_str._MIT_9303
0.0028414709444589386	9.283009208785887e-05	4.490605420812561e-06	0.018961482899782927	0.015147012180796287	0.0010333623489284225	0.9619193509285248	['G']	all_Prochlorococcus_marinus_str._MIT_9312_id.fas.out:LCV	Prochlorococcus_marinus_str._MIT_9312
0.0025888079079258316	0.0051944031439311675	0.00015086393044125925	0.019341084825757693	0.0004281604104494806	0.19251368645628847	0.7797829933252061	['G']	all_Prochlorococcus_marinus_str._MIT_9313_id.fas.out:LCV	Prochlorococcus_marinus_str._MIT_9313
0.0015940220922760154	5.5228744751926796e-05	3.8866835022265755e-06	0.014788059663879121	0.019920095685323852	0.000688592360476555	0.9629501147697903	['G']	all_Prochlorococcus_marinus_str._MIT_9515_id.fas.out:LCV	Prochlorococcus_marinus_str._MIT_9515
0.0017787810839749003	0.00017632302017321828	0.0011357464806329158	0.03337847040942203	0.7598645280792096	0.0004579461206971042	0.2032082048058903	['E']	all_Prochlorococcus_marinus_str._NATL1A_id.fas.out:LCV	Prochlorococcus_marinus_str._NATL1A
0.0015668553464472266	0.00017437531546033388	0.0011261891381562843	0.034209900425773765	0.6765546717293753	0.0006498788096093093	0.28571812923517775	['E']	all_Prochlorococcus_marinus_str._NATL2A_id.fas.out:LCV	Prochlorococcus_marinus_str._NATL2A
0.0002664289628069564	2.1966349060486247e-05	0.00022719559915952998	0.007128005930525106	0.0058409124788234585	0.006641567226007623	0.9798739234536168	['G']	all_Prochlorococcus_marinus_subsp._marinus_str._CCMP1375_id.fas.out:LCV	Prochlorococcus_marinus_subsp._marinus_str._CCMP1375
0.0011421384009607006	3.2988226978675164e-05	1.7828045462780414e-05	0.010228768211440663	0.005067241279319247	0.0024285678244923693	0.9810824680113456	['G']	all_Prochlorococcus_marinus_subsp._pastoris_str._CCMP1986_id.fas.out:LCV	Prochlorococcus_marinus_subsp._pastoris_str._CCMP1986
5.685396533279578e-05	4.93162079951298e-06	0.0011567937599193266	0.004921890337712014	7.675871301277164e-05	0.20451838787372403	0.7892643837294995	['G']	all_Synechococcus_sp._BL107_id.fas.out:LCV	Synechococcus_sp._BL107
3.67854805272002e-05	2.0763631976513725e-06	6.799067006998956e-06	0.08028340897562396	8.080905447929711e-06	0.7255932416099514	0.19406960759824485	['F']	all_Synechococcus_sp._CB0101_id.fas.out:LCV	Synechococcus_sp._CB0101
0.00015680634601518848	2.0546567070162962e-06	5.3977881953323795e-09	0.0030945863413524084	3.1233547673995494e-05	0.0025696765376924994	0.9941456371727706	['G']	all_Synechococcus_sp._CB0205_id.fas.out:LCV	Synechococcus_sp._CB0205
0.0031119896501711954	3.132508317170629e-05	2.7833097076246633e-06	0.004148168955471222	0.0007761223013459023	0.0015713072696534045	0.9903583034304789	['G']	all_Synechococcus_sp._CC9311_id.fas.out:LCV	Synechococcus_sp._CC9311
0.00012428597754212604	1.4819677147845901e-05	5.676247974612054e-07	0.001702965476896222	0.00010469723352656571	0.004706936063270648	0.9933457279468191	['G']	all_Synechococcus_sp._CC9605_id.fas.out:LCV	Synechococcus_sp._CC9605
0.00040633499159723586	4.7746073843963774e-05	1.5324530490273618e-05	0.0023892211029598633	0.00022636683705726812	0.011887755507566135	0.9850272509564854	['G']	all_Synechococcus_sp._CC9902_id.fas.out:LCV	Synechococcus_sp._CC9902
0.0011624481716327644	0.0002318114241705112	2.7080376717051855e-05	0.015595498522337672	0.00033645399823310453	0.05245995766669648	0.9301867498402124	['G']	all_Synechococcus_sp._RCC307_id.fas.out:LCV	Synechococcus_sp._RCC307
1.0094094810487708e-05	9.904629695084158e-07	2.3384584529770248e-05	0.0072697259060354414	2.4316888624636798e-05	0.16030913375247235	0.8323623543105578	['G']	all_Synechococcus_sp._RS9916_id.fas.out:LCV	Synechococcus_sp._RS9916
1.4380171623993081e-05	2.5841190905344252e-05	0.0020167173102148507	0.007811920339919302	5.831902662852036e-06	0.959689587295305	0.030435721789368486	['F']	all_Synechococcus_sp._RS9917_id.fas.out:LCV	Synechococcus_sp._RS9917
0.29335401467329364	0.6431775743928018	5.998974077823235e-06	0.007030476239463872	0.0016443437559945232	0.0016601278827271867	0.053127464081641186	['B1']	all_Synechococcus_sp._WH_5701_id.fas.out:LCV	Synechococcus_sp._WH_5701
0.00010599178869313822	1.336737508920572e-05	1.6349985860232927e-07	0.0023319937117598517	8.835509603549691e-05	0.004291132655263946	0.9931689958732998	['G']	all_Synechococcus_sp._WH_7803_id.fas.out:LCV	Synechococcus_sp._WH_7803
0.002291796447886376	0.0011046835067748727	1.6884481712377066e-05	0.03778805721310673	0.0004066457624748445	0.09467982647385915	0.8637121061141856	['G']	all_Synechococcus_sp._WH_7805_id.fas.out:LCV	Synechococcus_sp._WH_7805
0.0001583483328321206	4.330935621465186e-05	1.1349941367151673e-06	0.002536023753219575	0.00011169072390715259	0.010425969940979867	0.9867235228987098	['G']	all_Synechococcus_sp._WH_8102_id.fas.out:LCV	Synechococcus_sp._WH_8102
0.0007292708387393556	0.00014495351842795624	3.497989227610073e-08	0.0013785551275732797	0.00026126728928434624	0.0007855424815245988	0.9967003757645582	['G']	all_Synechococcus_sp._WH_8109_id.fas.out:LCV	Synechococcus_sp._WH_8109
