A	B1	C1	C3	E	F	G	predicted	Clade	ID
0.0055818190842038895	0.8134834417634932	0.00561831870225357	2.581806266420975e-05	5.44869153920655e-07	0.1740676241948186	0.0012224333234127928	['B1']	all_CHROOCOCCIDIOPSIS_SP_PCC_6712_id.fas.out:LCV	CHROOCOCCIDIOPSIS_SP_PCC_6712
0.9829598485802943	0.008087171442465154	7.857922277579481e-05	3.167161667299604e-05	2.9607953911790103e-05	0.00856332041037096	0.0002498007735090026	['A']	all_CROCOSPHAERA_WATSONII_WH8501_id.fas.out:LCV	CROCOSPHAERA_WATSONII_WH8501
0.1929677926529525	0.026148730691677047	0.0034273007850684285	0.00012874573413690382	0.0013978468668316615	0.2591074135316563	0.5168221697376771	['G']	all_CYANOTHECE_ATCC_51472_id.fas.out:LCV	CYANOTHECE_ATCC_51472
0.9977333559559542	0.0003391646372876221	4.0190896729695605e-06	0.00011406577053500325	0.001741210540882524	1.1251836705734082e-05	5.693216896231027e-05	['A']	all_Chamaesiphon_PCC_6605_uid183005_id.fas.out:LCV	Chamaesiphon_PCC_6605_uid183005
0.5578298521551543	0.441128021516408	1.856179173225854e-05	0.00047104286187862643	0.0005343656733800904	1.2865428536245944e-05	5.290572910395489e-06	['A']	all_Crinalium_epipsammum_PCC_9333_uid183113_id.fas.out:LCV	Crinalium_epipsammum_PCC_9333_uid183113
0.9872859824782518	0.011913756642527676	2.1926148290339595e-06	3.511271959191322e-05	0.0007209640638263307	2.783698003267176e-05	1.4154500940659617e-05	['A']	all_Cyanobacterium_PCC_10605_uid183340_id.fas.out:LCV	Cyanobacterium_PCC_10605_uid183340
0.9843417412179167	0.0020289656303276874	2.087039385151101e-05	0.00024080111161450143	0.01218008390801408	6.965939959902193e-05	0.0011178783386762928	['A']	all_Cyanobacterium_stanieri_PCC_7202_uid183337_id.fas.out:LCV	Cyanobacterium_stanieri_PCC_7202_uid183337
0.6233347831636645	0.18575505788154176	0.0012021270981394715	0.00018357794074185769	0.005705552200552957	0.07427775686606793	0.10954114484929149	['A']	all_Cyanothece_sp._ATCC_51142_id.fas.out:LCV	Cyanothece_sp._ATCC_51142
0.0022494926151640244	0.00012691886907140635	3.009103959325832e-05	7.857352350452328e-05	0.2957553058203261	1.1178092386955046e-05	0.7017484400399537	['G']	all_Cyanothece_sp._CCY0110_id.fas.out:LCV	Cyanothece_sp._CCY0110
0.9176441837434867	0.05861289882163327	0.00014866171330281546	0.00020074962225301047	0.011242189793787116	0.002662871000247668	0.00948844530528938	['A']	all_Cyanothece_sp._PCC_7424_id.fas.out:LCV	Cyanothece_sp._PCC_7424
0.9559275257362108	0.042011025043251486	7.584996132658175e-05	8.437222765245437e-05	5.596935693344656e-05	0.0017718258039240385	7.343187070120446e-05	['A']	all_Cyanothece_sp._PCC_7822_id.fas.out:LCV	Cyanothece_sp._PCC_7822
0.9573797871000351	0.03738591882831364	6.591808102211666e-06	7.225514678939344e-05	0.004963781857019765	6.614503797007969e-05	0.00012552022176986018	['A']	all_Cyanothece_sp._PCC_8801_id.fas.out:LCV	Cyanothece_sp._PCC_8801
0.9612314643209781	0.03823861453693219	2.3726083312576583e-06	2.387729777183677e-05	0.0004353406576018201	5.746552717948288e-05	1.0865051205165986e-05	['A']	all_Cyanothece_sp._PCC_8802_id.fas.out:LCV	Cyanothece_sp._PCC_8802
0.0009242329485864074	0.9253226744200287	0.02464432727728426	9.734505947814741e-05	1.9350873213668793e-07	0.04811419758170823	0.0008970292041819609	['B1']	all_Dactylococcopsis_salina_PCC_8305_uid183341_id.fas.out:LCV	Dactylococcopsis_salina_PCC_8305_uid183341
0.6966523329368514	0.018959977997461925	0.0018467298535300913	0.000307279541638357	0.004825087764437025	0.06539937225107205	0.21200921965500907	['A']	all_GEMINOCYSTIS_HERDMANII_PCC_6308_id.fas.out:LCV	GEMINOCYSTIS_HERDMANII_PCC_6308
0.000185167364772262	0.9997880138697542	9.647174592993334e-07	2.1047795232604356e-05	4.764182819920232e-06	1.6938773703115767e-08	2.5131188007529086e-08	['B1']	all_GLOEOCAPSA_SP_PCC_73106_id.fas.out:LCV	GLOEOCAPSA_SP_PCC_73106
0.05855929684421382	0.0009481704277223295	0.0008300247928080274	3.284274345553812e-06	1.1982553912897683e-07	0.9377497799756691	0.001909323859701994	['F']	all_Halothece_PCC_7418_uid183338_id.fas.out:LCV	Halothece_PCC_7418_uid183338
0.135427616501549	0.0010935857575828916	0.0017226519509359916	0.00025195810786225135	0.0056971141621367785	0.022031197696241362	0.8337758758236917	['G']	all_Leptolyngbya_PCC_7376_uid182928_id.fas.out:LCV	Leptolyngbya_PCC_7376_uid182928
0.9913724524007902	2.8755629045227347e-05	3.155053944332325e-07	0.00018039235280070066	0.008410263687887349	9.735649696013857e-08	7.723067585236121e-06	['A']	all_Microcoleus_PCC_7113_uid183114_id.fas.out:LCV	Microcoleus_PCC_7113_uid183114
0.016154343941853395	0.9828679580531668	1.135979411926315e-06	0.0007252663880507182	0.0002512560047528445	4.644483468669928e-09	3.4988281083017873e-08	['B1']	all_Microcystis_aeruginosa_NIES-843_id.fas.out:LCV	Microcystis_aeruginosa_NIES-843
0.007904441455138184	0.9910573884220097	1.7474193996988244e-06	0.0008800329443207813	0.00015635231254784626	3.751137814985024e-09	3.3695445943042535e-08	['B1']	all_Microcystis_aeruginosa_PCC_7806_id.fas.out:LCV	Microcystis_aeruginosa_PCC_7806
0.0021610173394884724	0.00013004209570621628	0.0003378440762080995	2.0771552596397645e-05	0.00144961951264192	0.002782570909379084	0.9931181345139798	['G']	all_PLEUROCAPSA_SP_PCC_7319_id.fas.out:LCV	PLEUROCAPSA_SP_PCC_7319
0.08736889940969415	0.9123565328657546	1.8824141623383595e-05	0.00011793636940410543	0.00011054509620946643	2.254650791676995e-05	4.715609397428868e-06	['B1']	all_Pleurocapsa_PCC_7327_uid183006_id.fas.out:LCV	Pleurocapsa_PCC_7327_uid183006
0.13278209690545054	0.7098762505057036	0.005853321492381922	0.0001676776332260591	8.072147660402816e-06	0.14933872774048512	0.0019738535750925463	['B1']	all_SPIRULINA_MAJOR_PCC_6313_id.fas.out:LCV	SPIRULINA_MAJOR_PCC_6313
0.4579843888033732	0.011715868298119722	0.0012009833350528683	2.7613095161219804e-05	1.0843292804556987e-05	0.5211825746356958	0.007877728539792551	['F']	all_SPIRULINA_SP_PCC_9445_id.fas.out:LCV	SPIRULINA_SP_PCC_9445
0.53069935460122	0.4367159060086181	0.00017725018290667234	2.5846257373045e-05	3.2202857612996706e-05	0.03202563335205106	0.00032380674021794905	['A']	all_Stanieria_cyanosphaera_PCC_7437_uid183115_id.fas.out:LCV	Stanieria_cyanosphaera_PCC_7437_uid183115
0.9302011796495957	0.005796808443294667	0.000659320087010202	0.0003042657330317582	0.003453316984825788	0.013453854569147248	0.04613125453309499	['A']	all_Synechococcus_sp._PCC_7002_id.fas.out:LCV	Synechococcus_sp._PCC_7002
0.1990538321930999	0.7983051021610483	0.0005946700952729449	0.0004031729663552395	5.5058883266346816e-05	0.0014688124848036847	0.00011935121615384952	['B1']	all_Synechocystis_sp._PCC_6803_id.fas.out:LCV	Synechocystis_sp._PCC_6803
0.005453166147885763	0.014032481612370681	0.0022578266388743823	2.7035848393151153e-06	4.6327569956714014e-08	0.976396774624452	0.0018570010640080892	['F']	all_XENOCOCCUS_SP_PCC_7305_id.fas.out:LCV	XENOCOCCUS_SP_PCC_7305
0.9798864722804587	0.019870634787672398	1.288184026385267e-06	3.5127575802230126e-05	0.00019365520933611804	1.1045827950560742e-05	1.776134753827799e-06	['A']	all_cyanobacterium_UCYN_A_uid43697_id.fas.out:LCV	cyanobacterium_UCYN_A_uid43697
