A	B1	C1	C3	E	F	G	predicted	Clade	ID
0.018299989682340735	0.08108437379182115	0.0030575323110035506	0.8973434094078847	0.0002126861429768335	2.63980591002727e-08	1.982265913910624e-06	['C3']	RED	11465393
0.921955925310286	0.0008384239354036991	0.00038576407131367293	0.0007542270422028334	0.015031884056346659	0.0015198061641617188	0.059513969420285376	['A']	RED	11465652
0.9998802786143484	2.7596702375729745e-06	4.2238142037675135e-08	7.282074298019924e-05	4.406521768676445e-05	9.018982818955643e-09	2.4497622317771756e-08	['A']	DTM	11467432
0.9878668900648041	5.9211854845938935e-05	2.562558733291523e-06	0.00033701017027848315	0.011615955222483813	1.1475126476475858e-06	0.00011722261620666291	['A']	CRYPTO	11467607
0.9954744134205644	8.450372961320731e-05	2.839523835450138e-06	0.004218501871135053	0.00021951911944723736	2.1085173110667236e-08	2.012502315887936e-07	['A']	DTM	118410962
0.7128857451679114	0.00010073898430677982	1.094958031746043e-06	0.0005962822645367542	0.2861895640784567	1.2829289916132772e-07	0.00022644625385736576	['A']	DTM	118411095
9.21520607700729e-12	0.9903542096444956	0.002702631473544103	0.006943158318644747	1.1934294924776162e-10	4.932156364323903e-13	4.3426397356574966e-10	['B1']	EUG	12545411
0.8164471530621681	0.00010983154906660846	1.468357127866488e-06	0.0005739258810081992	0.18263206223146405	2.3229800902959968e-07	0.00023532662115641477	['A']	CRYPTO	149071965
0.005055877225287904	0.00011311781705011048	6.371074250673941e-06	0.0001020789697198059	0.9004764848674252	1.1083676659499269e-06	0.09424496167860036	['E']	DTM	189095288
0.9686150031889073	0.0002516327959948349	1.1647003265151296e-05	0.030691821240104233	0.0004296106968408675	1.0839403982818276e-08	2.742354839332839e-07	['A']	DTM	215400692
0.8901153507594513	8.468117834624257e-05	1.31490295567347e-06	0.0005333706415960044	0.10910740283319438	2.210341850507467e-07	0.00015765865027148683	['A']	DTM	242620015
0.9998920192809001	4.330947939572261e-06	1.347747568041757e-07	7.302233519878715e-05	3.0353913039537292e-05	5.639181330572016e-08	8.235635170844857e-08	['A']	DTM	242624258
0.7130532595765351	0.0001443111072152863	2.7220694247094856e-06	0.000725067527367247	0.2853756983385917	4.349018362887648e-07	0.0006985064790297436	['A']	DTM	269100994
0.999428110684301	3.089146734498639e-05	9.83133502730868e-07	0.0004517627582725235	8.790649462662221e-05	1.0114447453769877e-07	2.4431747757755133e-07	['A']	CRYPTO	283794864
0.0001165445930107269	0.6882655845604503	0.0038797754910725652	0.3077241266727827	1.3579624568490688e-05	3.3416927904104996e-09	3.857164225062777e-07	['B1']	EUG	30410708
0.9998358324115242	1.8340592359669166e-05	2.983341993065155e-06	6.308481376320856e-05	5.810669582381575e-05	1.0991464476371332e-05	1.0660680059780715e-05	['A']	RED	30468047
0.197359490922301	0.0008955668329264914	0.00028195277646158847	0.0008801833337758472	0.2906800660422038	0.00031367181725534934	0.5095890682750759	['G']	DTM	315320467
0.9999387098286316	1.1516925977041405e-06	1.3376743306939078e-08	2.8491821452874186e-05	3.161522355721532e-05	5.5790103207680806e-09	1.247800685067933e-08	['A']	DTM	330850815
0.013806535138437702	0.9852320805823894	0.0004441751139697928	0.00026981511065051215	1.4655013571808295e-05	0.00020200726072433167	3.0731780256488523e-05	['B1']	LILI	339906432
0.013806535138437702	0.9852320805823894	0.0004441751139697928	0.00026981511065051215	1.4655013571808295e-05	0.00020200726072433167	3.0731780256488523e-05	['B1']	LILI	340034006
0.012855579614434743	0.9862435665756212	0.0004145462495492645	0.0002407493380680779	1.3694119642221409e-05	0.00020235930909408742	2.9504793590540058e-05	['B1']	LILI	340034177
0.013806535138437702	0.9852320805823894	0.0004441751139697928	0.00026981511065051215	1.4655013571808295e-05	0.00020200726072433167	3.0731780256488523e-05	['B1']	LILI	340034345
0.029020560109788575	0.9684784221752193	0.0006796980875884221	0.0017000062103444654	4.93720294057788e-05	4.82623564242049e-05	2.3679031229318066e-05	['B1']	LILI	340034430
0.013806535138437702	0.9852320805823894	0.0004441751139697928	0.00026981511065051215	1.4655013571808295e-05	0.00020200726072433167	3.0731780256488523e-05	['B1']	LILI	340034515
0.34588958409217435	0.6399307814005493	0.005032406440876469	0.00790329945073098	0.00014409156908071438	0.0008356986134085401	0.0002641384331798483	['B1']	LILI	342316100
0.09063855825192181	0.9017884720752561	0.0011720224511970754	0.006181535412067616	0.00014158778239798362	4.300020806702278e-05	3.482381909216313e-05	['B1']	MAG	342316184
0.9961370632889451	0.002572292012001839	2.8568542934012596e-05	4.477368273270949e-05	8.290727228069983e-05	0.0010143862369688989	0.00012000896413656561	['A']	LILI	342316269
0.9726081085943826	0.025923358552971506	9.103890274313927e-05	0.00014188302221422052	6.277520945155707e-05	0.0011057626071288333	6.707311110824634e-05	['A']	LILI	342316353
0.00017164200004683844	0.9986069306901081	0.0004138384566530874	0.0008027717635846392	2.299844516992297e-06	9.44972875997243e-07	1.5722722148421527e-06	['B1']	LILI	345895196
0.989796802590795	0.004954531048089474	8.567502724583555e-05	5.782029288684537e-05	0.0001070780792046046	0.004481739501623712	0.0005163534601546014	['A']	EUDI	346578170
0.962950072506878	0.03467773995809876	0.00013967703908910034	0.00015476047429244488	5.894067473484037e-05	0.0019191239647740645	9.968538213293171e-05	['A']	EUDI	346683273
0.0046393377759912004	0.9076923983156059	0.001664639491009894	0.0859076795144537	9.350893033242168e-05	1.3003205217122897e-07	2.3059405548872587e-06	['B1']	GYMNO	351653779
0.9916547354681385	0.004613588487081017	7.211940201421004e-05	6.514331176322516e-05	0.0001641200509105504	0.0029129964226059387	0.0005172968574864022	['A']	EUDI	351653853
0.7609289136078081	0.13583190533894085	0.0006679965136943362	0.10114672007751743	0.0014125638894624717	1.4618929617165476e-06	1.043867961508722e-05	['A']	GYMNO	352950885
0.7689109610334528	0.0013847464185053238	0.0020992168510443996	0.00013437149395240626	7.865633676557006e-05	0.19204348218515246	0.0353485656811273	['A']	GYMNO	352950958
0.28525820360513604	0.5016176435911092	0.02541351143869907	0.18714149680626602	0.0002938183472728737	8.058395433919985e-05	0.00019474225717752442	['B1']	GYMNO	352951041
0.2103830318961731	0.7177352127609782	0.0013161891281084654	0.06979765036675932	0.0007505793989894319	2.879704564994003e-06	1.4456744426350057e-05	['B1']	GYMNO	353351805
0.9887317912528777	0.005563878643306742	0.00010692432148309651	8.053049301641882e-05	0.00024684680740867903	0.004240940944200724	0.0010290875377063592	['A']	EUDI	359422122
0.974308748906208	0.02139846921526632	0.00013921926365001927	9.623888772130545e-05	3.760009721865122e-05	0.003884016515223535	0.00013570711471231272	['A']	EUDI	364283964
0.00782719669330287	0.9821805744407802	0.004644328054547255	0.00522651955959579	1.6377598176456816e-05	6.0157184300306055e-05	4.484646929723964e-05	['B1']	LILI	364532629
0.9727531552265871	0.025056223017260907	0.00012009776147389761	0.00013637205118079281	5.2603100768225264e-05	0.0017904551544869309	9.109368824211681e-05	['A']	EUDI	372290914
0.8244799404456243	0.17332764689259222	0.00035936057573286847	0.0007483761485111772	0.00014893409464990739	0.0008322461770562953	0.00010349566583302404	['A']	EUDI	372291012
0.9810404979353281	0.01717077484912651	7.093985086589215e-05	8.666467406904957e-05	4.6427316138312395e-05	0.001515804006151547	6.889136832071077e-05	['A']	EUDI	372291365
0.9810404979353281	0.01717077484912651	7.093985086589215e-05	8.666467406904957e-05	4.6427316138312395e-05	0.001515804006151547	6.889136832071077e-05	['A']	EUDI	372291463
0.9810404979353281	0.01717077484912651	7.093985086589215e-05	8.666467406904957e-05	4.6427316138312395e-05	0.001515804006151547	6.889136832071077e-05	['A']	EUDI	372291753
0.9810404979353281	0.01717077484912651	7.093985086589215e-05	8.666467406904957e-05	4.6427316138312395e-05	0.001515804006151547	6.889136832071077e-05	['A']	EUDI	372291837
0.9516797287070214	0.04579445848210782	0.00017327549530947025	0.00019180162489269864	6.580123160621434e-05	0.001984573711564794	0.00011036074749754107	['A']	EUDI	372450118
0.0028428198018698573	0.9954433376875975	0.0007740463781433872	0.0008973183556790555	8.753872153167285e-06	2.1823257857992e-05	1.190064669933123e-05	['B1']	LILI	374249246
0.013806535138437702	0.9852320805823894	0.0004441751139697928	0.00026981511065051215	1.4655013571808295e-05	0.00020200726072433167	3.0731780256488523e-05	['B1']	LILI	374249330
0.003380748809519108	0.9949181494128968	0.0007641596185224363	0.0008893139347366556	9.674368776157919e-06	2.504455288092234e-05	1.2909302667918172e-05	['B1']	LILI	374249599
0.9972896545845704	0.002156913793209147	1.1759886548015168e-05	5.180962629348637e-05	0.0002230268488080845	0.00020188889523731313	6.494636533340071e-05	['A']	EUDI	374249683
0.9965028475388905	0.002775345832899727	1.585301220745387e-05	3.440139890789274e-05	6.389982655387784e-05	0.0005583164838727377	4.933590666785617e-05	['A']	EUDI	374249765
0.8919059320163368	0.10610810600373698	0.0002597743579026914	0.0012200523742225675	0.0001986800390780055	0.0002507351730959476	5.672003562704053e-05	['A']	EUDI	374249848
0.9972896545845704	0.002156913793209147	1.1759886548015168e-05	5.180962629348637e-05	0.0002230268488080845	0.00020188889523731313	6.494636533340071e-05	['A']	EUDI	374249929
0.9998280871882047	2.982631552033961e-07	5.772984505693285e-10	2.0265072698169858e-05	0.00015134752070868846	6.576151265774934e-11	1.3121732070771493e-09	['A']	CPH	376403573
0.9998587769460466	1.8474590743501457e-06	1.6899334465673156e-08	3.2169205304095207e-05	0.00010714428267906812	7.615436370069951e-09	3.759212493385929e-08	['A']	DTM	376403656
1.1100290805300817e-06	0.9952942350058208	0.0003095405129831952	0.0043946935797352345	3.880201426005496e-07	7.480092806805051e-10	3.210422837246637e-08	['B1']	LILI	377819357
0.9730147804730623	0.02546879544315326	9.226514406894121e-05	0.0001395877446067373	6.137232326021502e-05	0.0011545864920663178	6.861237978217393e-05	['A']	EUDI	377829855
0.03949312053000836	0.9591341178938207	0.0005371797662679465	0.0004387379512180484	3.128996754425231e-05	0.00031733264646742026	4.8221244673466124e-05	['B1']	LILI	378758395
0.9727796519461467	0.023997251178110943	0.0001330538227854653	0.0001131055120314785	4.4109897870895994e-05	0.002817273264015493	0.00011555437903934524	['A']	EUDI	378758475
0.9999236086707356	1.4231147717995748e-06	1.7411168292194193e-08	3.9312057772765595e-05	3.561976284524187e-05	5.321662146202874e-09	1.3661044291826595e-08	['A']	DTM	378824466
0.00010028318490287261	0.9995425814278278	0.00010738101826391063	0.00024697257966964484	1.7596271589671658e-06	4.266851578542851e-07	5.954770192320815e-07	['B1']	GYMNO	380448679
1.3117171374889892e-09	0.5795687076971028	0.010164998865732048	0.4102662808907965	9.164348935757271e-09	5.999297932811464e-13	2.069702571705712e-09	['B1']	CPH	383930345
0.8930883830676775	0.03228669196862103	0.0007770205751200317	0.00022370551625584793	0.0030166067326723115	0.03070933609942052	0.03989825604023293	['A']	EUDI	383930428
0.9021684747814139	0.09100728262379881	6.564827556266093e-05	0.005867245973661414	0.0008828881733350649	2.9744913513959753e-06	5.4856808768264495e-06	['A']	FRN	383930550
0.30641203435930564	0.6893963795573544	0.0010302720397330155	0.002551406163474223	0.00016706390076106433	0.0003479409081680682	9.49030712034873e-05	['B1']	LILI	383931169
0.00823404850122033	0.9813103534076556	0.0018360508646436302	0.008563408004974266	3.557677458969119e-05	7.2691906181234985e-06	1.3293256298112909e-05	['B1']	LILI	385153449
0.032598168778386206	0.9661187402905462	0.0005180844755739235	0.0004347054506259894	2.851441073249164e-05	0.00025945656197636906	4.23300321588205e-05	['B1']	LILI	386799151
0.9727531552265871	0.025056223017260907	0.00012009776147389761	0.00013637205118079281	5.2603100768225264e-05	0.0017904551544869309	9.109368824211681e-05	['A']	EUDI	386800818
0.3293396821540249	0.665482575847504	0.0017121893352901047	0.0020451555969942694	0.00011714931947588386	0.0011146869629683697	0.00018856078374257778	['B1']	EUDI	389604315
0.8878956380951949	0.10953255934512712	0.0003820652910598926	0.0005736412712117565	0.00010865601320348693	0.0013763337719021238	0.0001311062123005592	['A']	EUDI	393396080
0.9781296844697807	0.0198897618135339	8.71184267449981e-05	0.0001014036396845595	4.8214425262668094e-05	0.0016660681819523505	7.774904304085004e-05	['A']	EUDI	394830607
0.17668142903377146	0.8191930008537008	0.0011553690446271542	0.0024900141510094988	0.00012155937154888398	0.00027646955650525556	8.215798883697155e-05	['B1']	EUDI	394830694
0.9781296844697807	0.019889761813533847	8.711842674499794e-05	0.00010140363968455915	4.8214425262667924e-05	0.0016660681819523505	7.77490430408499e-05	['A']	EUDI	394830780
0.17668142903377146	0.8191930008537008	0.0011553690446271542	0.0024900141510094988	0.00012155937154888398	0.00027646955650525583	8.215798883697155e-05	['B1']	EUDI	394830869
0.6521137061579447	0.3438197982753414	0.0009039729724349015	0.0010871563282953062	0.00013057879916793626	0.0017489930117178722	0.0001957944550977288	['A']	EUDI	394830956
0.9064985752480176	0.09116324716956628	0.00036619352495454653	0.0006364528333965512	0.00011074777373418294	0.0011063961118295458	0.0001183873385013185	['A']	EUDI	394831081
0.008995564257865416	0.9780028609357475	0.002165103441094741	0.010775894094391746	3.898481384456998e-05	7.194590932215646e-06	1.4397866123681481e-05	['B1']	LILI	395001654
0.09063855825192181	0.9017884720752561	0.0011720224511970754	0.006181535412067616	0.00014158778239798362	4.300020806702278e-05	3.482381909216313e-05	['B1']	MAG	400256567
0.42076788691691835	0.09042408698677855	0.0006721575804295873	0.4863865741927559	0.0017462221876024036	8.51903479466422e-08	2.9869451673603534e-06	['C3']	DTM	403066520
0.9834799778217352	0.015997387385273516	2.332192866919926e-05	0.00028721800912378745	0.00015493570288479673	4.637146270032341e-05	1.0787689612935838e-05	['A']	LILI	404474390
0.9817879687064974	0.0164891050955576	7.142348753669663e-05	8.971046559593397e-05	4.644767591228573e-05	0.0014476301156986914	6.771445320134009e-05	['A']	EUDI	404474503
0.7710616368630288	0.03728705006500054	0.0011853476246465589	0.000363939049938531	0.011919100579327841	0.030315372672991038	0.14786755314506664	['A']	EUDI	404474590
0.9965734468051847	0.0009568792348369898	4.658542973827479e-05	0.0001466396666575642	0.0009705818082646669	0.000448065070792084	0.0008578019845257477	['A']	EUDI	408830224
0.9972239504627092	0.0007309518612253753	3.5901792105685216e-05	0.0001425459547358572	0.0009430285911202653	0.0002988824840476877	0.0006247388540560863	['A']	EUDI	408830302
0.08248240008326696	0.00032897030923123544	2.2940303329523805e-05	0.0004630490845361402	0.8478806902617922	7.186888745500981e-06	0.06881476306909823	['E']	CPH	409052464
0.7752919689034141	0.22166459228086619	0.0003226511587562256	0.00034691592017764344	0.00010946077899866936	0.0021219218159152023	0.0001424891418720369	['A']	LILI	426406618
0.7336554974390521	0.2619568478686938	0.00045399027864646943	0.00036141830479899736	9.726101424107807e-05	0.00328157863265491	0.00019340646191263734	['A']	LILI	427436954
0.7336554974390521	0.2619568478686938	0.00045399027864646943	0.00036141830479899736	9.726101424107807e-05	0.00328157863265491	0.00019340646191263734	['A']	LILI	427437051
0.7336554974390521	0.2619568478686938	0.00045399027864646943	0.00036141830479899736	9.726101424107807e-05	0.00328157863265491	0.00019340646191263734	['A']	LILI	427437197
0.9958599175200541	0.0026473618336955375	3.457207608475142e-05	5.355150719435455e-05	0.00012110706126535899	0.0010989435176100067	0.0001845464840960431	['A']	EUDI	428697178
0.9958599175200541	0.0026473618336955375	3.457207608475142e-05	5.355150719435455e-05	0.00012110706126535899	0.0010989435176100067	0.0001845464840960431	['A']	EUDI	428697264
0.9434902015914025	0.048326994288385126	0.00019504650867761372	9.058016261694543e-05	4.1153280898371705e-05	0.007649490961235746	0.00020653320678355717	['A']	EUDI	428697583
0.9943494995506502	0.0043187599968414064	0.00014321028213613114	0.0002493105032907338	3.4170490476006726e-05	0.0008334339631208584	7.161521348456433e-05	['A']	WRTMSS	428697659
5.654920002790236e-05	0.844929235796495	0.0063833397883063655	0.14862512852040127	5.050723592211036e-06	1.1686640881899785e-08	6.842845363858252e-07	['B1']	EUG	429330004
0.9996594806964321	5.187284093620603e-06	7.404384914955835e-08	0.00025547121315036623	7.97618325879286e-05	3.569874051021175e-09	2.136001284906209e-08	['A']	DTM	435856116
0.5849559760597693	0.41032402148510494	0.000913386262061079	0.0007801873293245524	0.0001089621790790263	0.0026883393148016193	0.00022912736985949191	['A']	EUDI	435856351
0.9248061679251779	0.05495879834944251	0.002456665050296076	0.01728777042386693	0.00021449333951095598	0.0001572516916050391	0.00011885322010049487	['A']	EUG	440801917
0.6971642596910321	0.018774876759964285	0.002262581171567933	0.00024554080273510136	0.001950129360908779	0.1231469850220889	0.15645562719170272	['A']	EUDI	441403271
0.9680558637125416	0.02634379623670516	0.00016848528386759874	9.883357658659186e-05	3.734840202891279e-05	0.005130697422425869	0.0001649753658444228	['A']	EUDI	442742942
0.9537343634530169	0.041281214931410924	0.00023821536515802262	0.0043869164696866665	0.0003026212373872327	3.235084399420926e-05	2.431769934601555e-05	['A']	FRN	443267200
0.9928246917032251	0.005760996812955756	2.966542644001455e-05	6.403693474932728e-05	0.00034444411659603975	0.000739940152156056	0.0002362248538776683	['A']	EUDI	443267285
0.5707560371357869	0.37854442206040956	0.013189060739967775	0.03635668758847951	0.00022140284776316958	0.000565529946504766	0.00036685968108825646	['A']	FRN	443329611
0.09190521406072272	0.8751248833407295	0.00916321309295124	0.023425895823821923	0.00010280340750608924	0.00014564197605158665	0.00013234829821679153	['B1']	WRTMSS	452118847
0.00980159137255177	0.9837998085631039	0.000577686042552482	0.005755709063549275	5.7063474275499644e-05	2.5374647361082684e-06	5.604019231157475e-06	['B1']	MAG	452848666
0.09063855825192181	0.9017884720752561	0.0011720224511970754	0.006181535412067616	0.00014158778239798362	4.300020806702278e-05	3.482381909216313e-05	['B1']	MAG	452848749
0.09063855825192181	0.9017884720752561	0.0011720224511970754	0.006181535412067616	0.00014158778239798362	4.300020806702278e-05	3.482381909216313e-05	['B1']	MAG	452848834
0.011207030640934012	0.9847326034737006	0.0004900320756662103	3.86320188283539e-05	4.2239511344661965e-06	0.0034321028201058147	9.537501963050293e-05	['B1']	GYMNO	452848919
0.9447726190439263	0.008889158677352946	0.0006327267235012094	0.00019042002626475945	0.0010201264723570167	0.02471319592333908	0.01978175313325876	['A']	EUDI	452849029
0.07138058076813791	0.6674507811653229	0.11594617034431957	0.14423120695614058	5.958274330936049e-05	0.0003971387624065273	0.0005345392603633583	['B1']	GYMNO	452849113
0.013806535138437702	0.9852320805823894	0.0004441751139697928	0.00026981511065051215	1.4655013571808295e-05	0.00020200726072433167	3.0731780256488523e-05	['B1']	LILI	452849461
0.018460069699997254	0.8979306267517113	0.009066042144898893	0.07442802841966058	7.925739129195995e-05	6.8967349844160976e-06	2.9078857455692446e-05	['B1']	GYMNO	456061331
0.008068956946170902	0.9860945121315885	0.0002766107679445423	0.00548415078867608	7.257472572572066e-05	7.45050490372424e-07	2.449589403974152e-06	['B1']	LILI	456061430
0.03858579822732778	0.9588114552244774	0.000422837932384004	0.0020607085396900228	8.198282781550933e-05	2.217376989696025e-05	1.5043478408260022e-05	['B1']	LILI	456061535
0.3043755216157209	0.6921749721582735	0.000809989624419334	0.002061314491084765	0.00016757445030251438	0.00032688088805113994	8.374677214780774e-05	['B1']	LILI	456061637
0.3445277664825601	0.6514703369294325	0.0009616650960167394	0.0023907985535822907	0.00017456609405799893	0.0003775322268317784	9.733461751850664e-05	['B1']	LILI	456061749
0.9073600686265905	0.07989675535306484	0.0006382469461637882	0.0002386005213373219	4.5753254374337695e-05	0.011431388802719262	0.0003891864957500448	['A']	LILI	456061865
0.8232053507134824	0.0001858003398329068	6.146051210968157e-06	0.0007946922269697897	0.17443385339759337	1.5749226635959627e-06	0.0013725823482470297	['A']	HAP	456061976
2.0801308540158757e-05	0.9981164651358001	0.00036625473832206174	0.0014950615539945594	1.038627321573744e-06	5.4106263753747325e-08	3.245297576740608e-07	['B1']	LILI	456330871
0.5023601051096155	0.49443138675888737	0.0006574014797156117	0.0007591455764197415	0.00012525627365395087	0.0015118234746585523	0.0001548813270491901	['A']	bMAG	456330969
0.9515752189583533	0.041601252226134505	0.0005580565688545311	0.000323970603841791	4.6408768230019665e-05	0.005621660831379532	0.00027343204320627075	['A']	EUDI	459014471
0.015843818630813765	0.8234142065381813	0.003040536429915628	0.15750968866659137	0.00018575692259779292	3.718959124564983e-07	5.6209159876759445e-06	['B1']	CPH	459314754
0.6971642596910321	0.018774876759964285	0.002262581171567933	0.00024554080273510136	0.001950129360908779	0.1231469850220889	0.15645562719170272	['A']	EUDI	470227687
0.13028585928450642	0.009443660944736948	0.0009461318381311553	0.8588436015161747	0.00047920872337079394	1.9230584519046254e-08	1.5184624956499624e-06	['C3']	RED	471434880
0.9860171013225637	0.009486795387450815	5.479435152312356e-05	3.678195357070133e-05	5.946849992600141e-05	0.004141938982078708	0.00020311950288695647	['A']	EUDI	482651177
0.7638503041848057	0.05176139355299613	0.001318573043915697	0.00029175376990415113	0.007116978689789644	0.048775712331283756	0.12688528442730482	['A']	EUDI	484759624
0.999733920216321	5.668748655682925e-05	6.115738566557334e-07	0.00013501312251539953	7.314989699464368e-05	3.0434519522119406e-07	3.133585601761944e-07	['A']	CPH	484759769
0.2176654193142452	0.7134967812555156	0.03292408073837521	0.0339888068978604	9.875771114879499e-05	0.0012156376841863424	0.0006105163986684897	['B1']	EUG	498662898
0.9112933145161356	0.0007530951081765568	0.0006265306270539698	0.0006822895581729452	0.0066441641427630906	0.003660856210274981	0.07633974983742298	['A']	RED	501000113
0.8878956380951949	0.10953255934512712	0.0003820652910598926	0.0005736412712117565	0.00010865601320348693	0.0013763337719021238	0.0001311062123005592	['A']	EUDI	501594910
0.5753430990468862	0.011964875230982564	0.017700608627352066	0.0005528687252280552	4.741009568820355e-06	0.3880347835031704	0.006399023856812079	['A']	GYMNO	501595032
0.9932743148864326	0.005966704990358426	3.37311317573087e-05	7.158572569698352e-05	4.074247371738998e-05	0.0005786986730550203	3.422211898253394e-05	['A']	EUDI	501595124
0.9997735648772997	8.313214489108752e-06	2.0614499953141317e-07	0.00016324276813990018	5.455473642217513e-05	3.5589786121765176e-08	8.266886359391877e-08	['A']	RED	501673126
0.16273513537200252	0.8324098947689996	0.001449371289661969	0.002909913663936246	0.00011329073445752589	0.0002916296486473447	9.076452229466437e-05	['B1']	EUDI	501770833
0.0001385414555115895	0.9962824966312308	0.0015186449340869417	0.002054006840052007	1.75634508684342e-06	1.4730977794264635e-06	3.0806962524629505e-06	['B1']	LILI	511347561
0.982333365054906	0.013854028314600912	0.00015837117851715901	0.00011827455871660468	3.345038033490084e-05	0.003367821436605731	0.00013468907631870113	['A']	EUDI	511348314
0.4278810137985095	0.5679201222032872	0.0004559871861008752	0.003285833979040835	0.0003267202444605226	8.858954987623949e-05	4.1733038725022004e-05	['B1']	EUDI	511348416
0.0032440338209033873	0.993430221593358	0.00027850387190634464	0.0030131635024306103	3.1034946959256955e-05	8.502050688814228e-07	2.1920593738607045e-06	['B1']	EUDI	511348509
0.012609371815996865	0.9753325911024914	0.002530038903545487	0.009451059070775206	4.053609967347188e-05	1.4690889538028915e-05	2.1712117979520184e-05	['B1']	LILI	511943334
0.014000159161003474	0.9746266158702328	0.0022447962621002693	0.009048790631336517	4.463800610402621e-05	1.4209505183780268e-05	2.0790564038951656e-05	['B1']	LILI	511943447
0.011979870536458269	0.9760708926294845	0.0021945231101165	0.009682857038232393	4.292856291866231e-05	1.0911589466439611e-05	1.801653332309869e-05	['B1']	LILI	511943548
0.9726441886860977	0.025322696104426796	9.504075949295221e-05	0.00011090151333058225	5.311093836340424e-05	0.001693148022740949	8.091397554774986e-05	['A']	EUDI	511943653
0.7787577964996792	0.0002811828033550922	1.096929212343486e-05	0.0008668751080687021	0.2169781472341477	3.591821889250648e-06	0.0031014372407365005	['A']	RED	51209843
0.018489546941957456	0.9688516221589821	0.0022714519949525	0.01029410467267769	5.5676040935585624e-05	1.5086012659100857e-05	2.251217783552502e-05	['B1']	LILI	512721395
0.966155578441967	0.0257991769209269	0.0020755300707642815	0.0015795496016461255	4.767725132142469e-05	0.003940028260890202	0.00040245945248411027	['A']	GYMNO	512721474
0.03310391698029969	0.9545621342207081	0.0010810574046699458	0.011114744142428856	0.0001176274010540781	6.965560223105202e-06	1.3554290616307945e-05	['B1']	GYMNO	512721557
0.0068364892238664534	0.9448708971391881	0.001157549343106599	0.0470298286485623	0.00010222094701290232	2.494383112357723e-07	2.765259952187839e-06	['B1']	GYMNO	512721623
7.603119715606142e-05	0.9090183291955416	0.0020776468605111413	0.08881942012045257	8.225089736013137e-06	5.692066542312506e-09	3.418445360992214e-07	['B1']	GYMNO	512721697
0.2974510486234989	0.5363961335882819	0.027260494248935757	0.13823796967319232	0.00025213555454631334	0.00014602173457178413	0.00025619657697319663	['B1']	GYMNO	512721770
0.9859781236070406	0.012621926932745584	0.0001701304470512899	0.0003391644371206517	5.604594184909537e-05	0.0007601128049471034	7.449582924592462e-05	['A']	EUDI	519704483
0.9979500774007786	7.975602183323662e-05	3.2122559440374605e-06	0.0018184803646492372	0.0001480064689422944	8.853610930338203e-08	3.7895174331851966e-07	['A']	RED	519704831
0.009552731267454527	0.9763963360496097	0.0022143502702937252	0.011773428406062856	4.185162887029397e-05	6.874569407078624e-06	1.4427808302052562e-05	['B1']	LILI	520850484
0.9563542096554162	0.04149715825952579	0.00015433771461495775	0.0001930285276186721	6.760348270220614e-05	0.0016362118598053277	9.745050031693686e-05	['A']	EUDI	520850563
0.6464149935785033	8.445659133359077e-05	6.999223377833725e-07	0.0005516964258727371	0.35278685952759475	6.611082391631197e-08	0.0001612278435338098	['A']	HAP	520850646
0.7058716294708943	8.081642939954812e-05	6.833754113149228e-07	0.0005472732125259014	0.29336339883496154	6.782242955517972e-08	0.00013613085437785662	['A']	HAP	523420608
0.23808094108051794	0.6975755710933315	0.0011995611326350675	0.06234111607996508	0.000784603322602548	3.25780982125963e-06	1.4949481126696455e-05	['B1']	GYMNO	523420621
0.0779251526456827	0.9131351834848376	0.0007756528718749986	0.007946671377966173	0.0001852368134734481	1.389270893150156e-05	1.8210097233408482e-05	['B1']	LILI	525778484
3.3740196281093264e-06	0.9837879252212524	0.000491181341392181	0.01571631479696735	1.160707363807916e-06	5.915668107832711e-10	4.332182939974218e-08	['B1']	LILI	525782195
0.0779251526456827	0.9131351834848376	0.0007756528718749986	0.007946671377966173	0.0001852368134734481	1.389270893150156e-05	1.8210097233408482e-05	['B1']	LILI	525782274
0.00862637062721767	0.9884538564544537	0.000978084916662606	0.0018757405492171462	2.187252062553522e-05	2.668372507934547e-05	1.7391206743742355e-05	['B1']	EUDI	526175872
0.07700400474409094	0.9190508192361139	0.0012713375832334951	0.0023642672361847447	7.336828548771513e-05	0.00017499164002997945	6.121127485911428e-05	['B1']	EUDI	526175959
0.9563542096554162	0.04149715825952579	0.00015433771461495775	0.0001930285276186721	6.760348270220614e-05	0.0016362118598053277	9.745050031693686e-05	['A']	EUDI	526176043
0.9563542096554162	0.04149715825952579	0.00015433771461495775	0.0001930285276186721	6.760348270220614e-05	0.0016362118598053277	9.745050031693686e-05	['A']	EUDI	526176130
0.9563542096554162	0.04149715825952579	0.00015433771461495775	0.0001930285276186721	6.760348270220614e-05	0.0016362118598053277	9.745050031693686e-05	['A']	EUDI	526176217
0.9563542096554162	0.04149715825952579	0.00015433771461495775	0.0001930285276186721	6.760348270220614e-05	0.0016362118598053277	9.745050031693686e-05	['A']	EUDI	526176311
0.8679225534490476	0.08073473162995656	0.0015636281575919053	0.00023451885948946543	2.774120627961098e-05	0.04847697254837381	0.0010398541492610475	['A']	LILI	529249719
0.0779251526456827	0.9131351834848376	0.0007756528718749986	0.007946671377966173	0.0001852368134734481	1.389270893150156e-05	1.8210097233408482e-05	['B1']	LILI	533310084
0.0779251526456827	0.9131351834848376	0.0007756528718749986	0.007946671377966173	0.0001852368134734481	1.389270893150156e-05	1.8210097233408482e-05	['B1']	LILI	533310181
0.9529817795591737	0.042460610356635974	0.000755246732118948	0.003268236080586654	0.00014401164283390624	0.000295594392246677	9.452123640387762e-05	['A']	FRN	533310270
0.4707034645509631	0.5196268960259909	0.0034425972694832165	0.00439855529698447	0.00013921417230973785	0.0013962161147684574	0.00029305656950024143	['B1']	FRN	542687235
0.9999300017796284	1.3943568386749746e-06	1.547330182840545e-08	3.2847530707371914e-05	3.572158134294646e-05	5.775589066413844e-09	1.3502591687478323e-08	['A']	DTM	542687661
0.9997615746218227	1.5718735316355036e-06	1.1593716936200536e-08	3.858907064350122e-05	0.0001982141446626555	3.3202424269975494e-09	3.537538013431934e-08	['A']	DTM	542687811
0.9945494802884572	6.96202914868411e-05	1.9700395207750957e-06	0.0051303849919582985	0.00024841450306328246	8.768065456725752e-09	1.2111744816520144e-07	['A']	DTM	542687962
0.6874428139692527	0.3072395203984704	0.0009142427963140288	0.0007280380324152609	0.00010262839735795677	0.003316526689537182	0.00025622971665242297	['A']	EUDI	542688107
0.9697700412506377	0.0004319681548354602	1.3903657044270695e-05	0.029259668914353342	0.0005240518485403792	1.6132474507482715e-08	3.5004211425581085e-07	['A']	DTM	543132528
0.9808215939661238	0.01765425648040489	7.611764851797939e-05	0.00010751063273728816	5.103873000215681e-05	0.001224645759037023	6.483678317686758e-05	['A']	EUDI	544163592
0.8462291185191986	0.15174207672556056	0.0003240933192957389	0.0007630918514961371	0.0001529145468606271	0.0006959894446100643	9.271559297834867e-05	['A']	EUDI	545716224
0.8462291185191986	0.15174207672556056	0.0003240933192957389	0.0007630918514961371	0.0001529145468606271	0.0006959894446100643	9.271559297834867e-05	['A']	EUDI	545716310
0.8462291185191986	0.15174207672556056	0.0003240933192957389	0.0007630918514961371	0.0001529145468606271	0.0006959894446100643	9.271559297834867e-05	['A']	EUDI	545716396
0.8462291185191986	0.15174207672556056	0.0003240933192957389	0.0007630918514961371	0.0001529145468606271	0.0006959894446100643	9.271559297834867e-05	['A']	EUDI	545716482
0.8462291185191986	0.15174207672556056	0.0003240933192957389	0.0007630918514961371	0.0001529145468606271	0.0006959894446100643	9.271559297834867e-05	['A']	EUDI	545716568
0.8462291185191986	0.15174207672556056	0.0003240933192957389	0.0007630918514961371	0.0001529145468606271	0.0006959894446100643	9.271559297834867e-05	['A']	EUDI	545716654
0.8462291185191986	0.15174207672556056	0.0003240933192957389	0.0007630918514961371	0.0001529145468606271	0.0006959894446100643	9.271559297834867e-05	['A']	EUDI	545716740
0.8462291185191986	0.15174207672556056	0.0003240933192957389	0.0007630918514961371	0.0001529145468606271	0.0006959894446100643	9.271559297834867e-05	['A']	EUDI	545716826
0.8462291185191986	0.15174207672556056	0.0003240933192957389	0.0007630918514961371	0.0001529145468606271	0.0006959894446100643	9.271559297834867e-05	['A']	EUDI	545716912
0.8462291185191986	0.15174207672556056	0.0003240933192957389	0.0007630918514961371	0.0001529145468606271	0.0006959894446100643	9.271559297834867e-05	['A']	EUDI	545716998
0.8319354890623283	0.16575311562899606	0.00039871406421254055	0.000869977381654811	0.00015157486207870513	0.0007854399720824236	0.00010568902864735127	['A']	EUDI	545717084
0.9696201498979964	0.02804862460890162	0.00011856249354126	0.00012820783544543343	5.338365488094654e-05	0.0019375424392207344	9.352907001361886e-05	['A']	EUDI	545717170
0.96214222712523	0.03457450997662432	0.0001441749165168704	0.0001235170264284789	5.101169384059298e-05	0.002845335320269888	0.00011922394108965734	['A']	EUDI	545717256
0.9696201498979964	0.02804862460890162	0.00011856249354126	0.00012820783544543343	5.338365488094654e-05	0.0019375424392207344	9.352907001361886e-05	['A']	EUDI	545717342
0.9696201498979964	0.02804862460890162	0.00011856249354126	0.00012820783544543343	5.338365488094654e-05	0.0019375424392207344	9.352907001361886e-05	['A']	EUDI	545717428
0.3740686433271872	0.6222398277475222	0.0010249927103888178	0.001552923508420205	0.00013704678438922365	0.0008372110642750048	0.0001393548578175168	['B1']	EUDI	545717514
0.9696201498979964	0.02804862460890162	0.00011856249354126	0.00012820783544543343	5.338365488094654e-05	0.0019375424392207344	9.352907001361886e-05	['A']	EUDI	545717600
0.9696201498979964	0.02804862460890162	0.00011856249354126	0.00012820783544543343	5.338365488094654e-05	0.0019375424392207344	9.352907001361886e-05	['A']	EUDI	545717686
0.9696201498979964	0.02804862460890162	0.00011856249354126	0.00012820783544543343	5.338365488094654e-05	0.0019375424392207344	9.352907001361886e-05	['A']	EUDI	545717772
0.9696201498979964	0.02804862460890162	0.00011856249354126	0.00012820783544543343	5.338365488094654e-05	0.0019375424392207344	9.352907001361886e-05	['A']	EUDI	545717858
0.9696201498979964	0.02804862460890162	0.00011856249354126	0.00012820783544543343	5.338365488094654e-05	0.0019375424392207344	9.352907001361886e-05	['A']	EUDI	545717944
0.6400963435700686	0.3567037054602077	0.0006899913389232481	0.001493839063348317	0.00017936633053563505	0.0007145705927881532	0.00012218364412828607	['A']	EUDI	545718030
0.9696201498979964	0.02804862460890162	0.00011856249354126	0.00012820783544543343	5.338365488094654e-05	0.0019375424392207344	9.352907001361886e-05	['A']	EUDI	545718116
0.9696201498979964	0.02804862460890162	0.00011856249354126	0.00012820783544543343	5.338365488094654e-05	0.0019375424392207344	9.352907001361886e-05	['A']	EUDI	545718202
0.9696201498979964	0.02804862460890162	0.00011856249354126	0.00012820783544543343	5.338365488094654e-05	0.0019375424392207344	9.352907001361886e-05	['A']	EUDI	545718288
0.9696201498979964	0.02804862460890162	0.00011856249354126	0.00012820783544543343	5.338365488094654e-05	0.0019375424392207344	9.352907001361886e-05	['A']	EUDI	545718374
0.9696201498979964	0.02804862460890162	0.00011856249354126	0.00012820783544543343	5.338365488094654e-05	0.0019375424392207344	9.352907001361886e-05	['A']	EUDI	545718460
0.9696201498979964	0.02804862460890162	0.00011856249354126	0.00012820783544543343	5.338365488094654e-05	0.0019375424392207344	9.352907001361886e-05	['A']	EUDI	545718546
0.9541277666720409	0.042582236307765954	0.0001692893305254718	0.0001483327260570633	5.6216452321692625e-05	0.0027906215287847235	0.00012553698250423426	['A']	EUDI	545718632
0.2136467639090621	0.7831548321409355	0.0010113567495238956	0.0012374910723901961	9.683303154712744e-05	0.0007338562512045096	0.00011886684533671675	['B1']	EUDI	545718718
0.9696201498979964	0.02804862460890162	0.00011856249354126	0.00012820783544543343	5.338365488094654e-05	0.0019375424392207344	9.352907001361886e-05	['A']	EUDI	545718804
0.9696201498979964	0.02804862460890162	0.00011856249354126	0.00012820783544543343	5.338365488094654e-05	0.0019375424392207344	9.352907001361886e-05	['A']	EUDI	545718890
0.9696201498979964	0.02804862460890162	0.00011856249354126	0.00012820783544543343	5.338365488094654e-05	0.0019375424392207344	9.352907001361886e-05	['A']	EUDI	545718976
0.9696201498979964	0.02804862460890162	0.00011856249354126	0.00012820783544543343	5.338365488094654e-05	0.0019375424392207344	9.352907001361886e-05	['A']	EUDI	545719062
0.9696201498979964	0.02804862460890162	0.00011856249354126	0.00012820783544543343	5.338365488094654e-05	0.0019375424392207344	9.352907001361886e-05	['A']	EUDI	545719148
0.06099501211375253	0.9333567324982985	0.001236889361114659	0.004224544769818244	9.030129740718117e-05	5.895206596588024e-05	3.7567893642906387e-05	['B1']	EUDI	545719234
0.9901588033885396	0.0063007684356358095	4.910066072529814e-05	3.797576003877628e-05	5.6375851157587664e-05	0.003217680996650766	0.0001792949072520311	['A']	EUDI	545719320
0.9444881798205221	0.05383515889455532	0.0002062778365978603	0.0004004898838366592	9.583188307003926e-05	0.0008880794538153315	8.598222760267627e-05	['A']	EUDI	545719406
0.9999300017796284	1.3943568386749746e-06	1.547330182840545e-08	3.2847530707371914e-05	3.572158134294646e-05	5.775589066413844e-09	1.3502591687478323e-08	['A']	DTM	545907039
0.9935244786644185	0.004389326336930199	2.9317598206453388e-05	2.9019769623339686e-05	3.1832607712237286e-05	0.0019235851518403333	7.243987126897472e-05	['A']	EUDI	545907171
0.002431221557230463	0.9952635735950196	0.00047469228310964307	0.001807747544154792	1.5135848529017625e-05	3.2219619999410715e-06	4.407209956377841e-06	['B1']	LILI	546138038
0.6049443063484049	0.3911095936129488	0.0008566794848851532	0.000975523957801063	0.0001274139424492894	0.0017954226801793437	0.00019105997333152463	['A']	EUDI	552539581
0.6049443063484049	0.3911095936129488	0.0008566794848851532	0.000975523957801063	0.0001274139424492894	0.0017954226801793437	0.00019105997333152463	['A']	EUDI	552540830
0.6049443063484049	0.3911095936129488	0.0008566794848851532	0.000975523957801063	0.0001274139424492894	0.0017954226801793437	0.00019105997333152463	['A']	EUDI	552540923
0.9785803034689982	0.012075393084860029	6.939915745183772e-05	2.709135681775103e-05	2.4081666918345593e-05	0.009053227557247958	0.00017050370770586927	['A']	EUDI	552541017
0.8690695807070661	0.12829387335545006	0.0003620303762276174	0.0017472732823027473	0.00021706497644171798	0.00024588152864312145	6.429577386835773e-05	['A']	EUDI	552546068
0.6049443063484049	0.3911095936129488	0.0008566794848851532	0.000975523957801063	0.0001274139424492894	0.0017954226801793437	0.00019105997333152463	['A']	EUDI	552546176
0.03949312053000836	0.9591341178938207	0.0005371797662679465	0.0004387379512180484	3.128996754425231e-05	0.00031733264646742026	4.8221244673466124e-05	['B1']	LILI	556927061
0.9882910602831286	0.005956697184651778	0.00011009980950500165	8.719499702609147e-05	0.00031397372459945563	0.004044267839227782	0.0011967061618614852	['A']	EUDI	558602891
0.9882910602831286	0.005956697184651778	0.00011009980950500165	8.719499702609147e-05	0.00031397372459945563	0.004044267839227782	0.0011967061618614852	['A']	EUDI	558602979
0.9882910602831286	0.005956697184651778	0.00011009980950500165	8.719499702609147e-05	0.00031397372459945563	0.004044267839227782	0.0011967061618614852	['A']	EUDI	558603067
0.00011119179079985754	0.9985294025301288	0.00033564294358692705	0.0010202642248493383	2.2825238203412194e-06	3.3510985126366085e-07	8.808769637043514e-07	['B1']	LILI	558603649
0.9823590942597721	0.014611369081847861	8.592307376856249e-05	7.204217011730806e-05	3.5508514992317264e-05	0.0027394485303176737	9.661436918419394e-05	['A']	EUDI	558603845
0.7211971614557928	0.2762553543986807	0.00047606545762151974	0.0011445589865491618	0.00018128874885841475	0.0006429731004602091	0.00010259785203716037	['A']	EUDI	558604116
0.00021125093382435932	0.997700800832663	0.000631268380929261	0.001450980468363478	2.8899023043345254e-06	9.02249802711801e-07	1.9072321128046245e-06	['B1']	LILI	563354758
0.9953673226731174	0.003460717940414423	2.5296745010016454e-05	3.536057202151986e-05	2.5704627286317802e-05	0.0010460453398901865	3.955210226007184e-05	['A']	EUDI	563940258
0.9874719871445164	0.004780473656705535	0.00011471649978499153	6.000208441175897e-05	9.389762621050869e-05	0.006774048195693426	0.0007048747926771553	['A']	EUDI	563940364
